0 0.496008 0.600286 0.171016 0.717195
0 0.437875 0.510792 0.0689063 0.431351
0 0.273633 0.442506 0.109453 0.238364
0 0.214258 0.521 0.157984 0.359299
0 0.198336 0.675727 0.239016 0.53374
0 0.128102 0.654701 0.253359 0.687065
0 0.229227 0.454935 0.0883906 0.281974
0 0.862711 0.508052 0.0525156 0.15974
0 0.403609 0.401091 0.0567813 0.168156
0 0.666445 0.523597 0.270359 0.925844
0 0.281633 0.426948 0.0830781 0.209377
0 0.440984 0.270351 0.0527188 0.100597
0 0.343031 0.384182 0.0538438 0.148104
