2 0.410336 0.781073 0.0554531 0.0552708
2 0.29068 0.785271 0.0352344 0.0427917
2 0.463055 0.775688 0.0265156 0.0285417
2 0.438922 0.783312 0.0161563 0.0357917
0 0.0206094 0.791281 0.0266875 0.0976458
0 0.00866406 0.784229 0.0173281 0.1005
0 0.180531 0.780406 0.0183125 0.0540625
0 0.235734 0.779687 0.0322812 0.07825
0 0.26775 0.785125 0.0214688 0.0774167
0 0.313586 0.789583 0.0252656 0.0617083
0 0.316109 0.780604 0.026625 0.071
2 0.503203 0.776927 0.0281563 0.0226042
2 0.367625 0.778052 0.0411562 0.0541042
0 0.157281 0.77601 0.014375 0.0548125
0 0.422953 0.764 0.0081875 0.0115833
0 0.198164 0.782406 0.0177344 0.0453542
2 0.441703 0.778979 0.0240938 0.0384167
2 0.608547 0.780219 0.113312 0.0585625
2 0.549773 0.774656 0.0168906 0.0298542
