6 0.852344 0.885115 0.295312 0.229771
0 0.0396094 0.9075 0.0792188 0.166292
0 0.382539 0.959823 0.0469219 0.0803542
0 0.492563 0.929365 0.0916562 0.141271
0 0.592531 0.938208 0.10725 0.123583
0 0.725117 0.956312 0.0489219 0.087375
0 0.829 0.951396 0.0734062 0.0972083
0 0.494313 0.957865 0.0731563 0.0829792
0 0.320648 0.945 0.0709844 0.106875
0 0.763766 0.95826 0.0537188 0.0826042
2 0.683281 0.941438 0.06925 0.0923333
0 0.558492 0.918854 0.0141094 0.067375
0 0.642875 0.908687 0.0143125 0.0622083
0 0.629766 0.915771 0.00846875 0.0546667
