2 0.908633 0.76526 0.166922 0.180813
2 0.0361172 0.802563 0.0461094 0.0354583
2 0.217594 0.795729 0.0289375 0.0275417
0 0.428086 0.782021 0.0370781 0.152792
0 0.383617 0.774615 0.0427969 0.170771
2 0.537414 0.77599 0.0366094 0.0221042
0 0.937742 0.725906 0.0118281 0.0231458
2 0.249258 0.792865 0.0307031 0.0235208
2 0.28793 0.790062 0.0482344 0.0274167
2 0.33225 0.791625 0.030125 0.0195833
2 0.683039 0.77076 0.0456094 0.0196042
2 0.0166875 0.802698 0.033375 0.0365625
2 0.187578 0.79974 0.0285625 0.0241042
2 0.267555 0.791031 0.0365469 0.0290208
2 0.354687 0.788073 0.0370625 0.0209375
2 0.766508 0.763021 0.0325469 0.0193333
