0 0.708359 0.759613 0.021 0.0651381
0 0.382938 0.627762 0.005375 0.0242541
6 0.715437 0.762983 0.152812 0.126409
6 0.32518 0.643867 0.0672031 0.0460773
6 0.21932 0.649434 0.0916094 0.0509669
6 0.403594 0.626588 0.0204688 0.0310773
6 0.138937 0.65482 0.0483125 0.0278177
0 0.721344 0.655746 0.01 0.0365193
0 0.672648 0.629931 0.00576562 0.0102486
6 0.448555 0.648743 0.0822969 0.0524586
6 0.573273 0.654517 0.0427656 0.0516851
6 0.879695 0.732307 0.0985156 0.0389227
6 0.502359 0.724254 0.0644687 0.0725414
