0 0.623125 0.686865 0.0477812 0.0929977
0 0.563109 0.65389 0.0354375 0.097849
0 0.360156 0.655526 0.0253125 0.0734783
0 0.865414 0.670446 0.0479219 0.0965904
0 0.819766 0.672254 0.0421562 0.0975515
0 0.717422 0.678535 0.0546875 0.0981693
0 0.463406 0.652677 0.03125 0.0724027
0 0.323195 0.656442 0.0288906 0.0666133
0 0.923273 0.632643 0.0264531 0.05
0 0.682531 0.634371 0.0302187 0.0639359
0 0.495375 0.655744 0.04325 0.0829748
0 0.857609 0.821133 0.136688 0.216453
0 0.445523 0.654497 0.00985938 0.0794737
