0 0.197422 0.857535 0.0153125 0.129743
0 0.2355 0.809918 0.059125 0.230164
0 0.454797 0.809883 0.0198125 0.10257
0 0.479578 0.803551 0.035 0.157336
0 0.692734 0.792185 0.0370625 0.154042
0 0.543969 0.798621 0.026125 0.117243
0 0.762281 0.795794 0.0579375 0.237617
0 0.357812 0.810093 0.0350312 0.168925
0 0.320664 0.807734 0.0378906 0.157196
0 0.671 0.812652 0.0147813 0.058014
0 0.574937 0.802932 0.0225312 0.108294
0 0.134422 0.84889 0.043875 0.146145
0 0.174836 0.826121 0.0463594 0.209112
