0 0.59218 0.550271 0.0430469 0.182458
0 0.185078 0.593812 0.0577812 0.233292
0 0.802312 0.563229 0.0939062 0.249417
0 0.383445 0.575448 0.0844531 0.220729
0 0.290133 0.584656 0.0440156 0.218729
0 0.685953 0.567417 0.0438125 0.209
0 0.646859 0.549719 0.0329688 0.189771
0 0.546016 0.559156 0.0552813 0.222021
0 0.492992 0.563385 0.0599219 0.221271
0 0.635148 0.656406 0.0884844 0.125438
0 0.244406 0.583458 0.0591563 0.21275
0 0.333547 0.58576 0.046625 0.225646
0 0.623383 0.53351 0.0341094 0.120771
