0 0.784383 0.714367 0.0939844 0.145172
0 0.772727 0.859711 0.112953 0.146578
0 0.565937 0.773344 0.103 0.13525
0 0.685648 0.657312 0.0772656 0.130062
0 0.295969 0.526695 0.078375 0.104516
0 0.614828 0.612516 0.088625 0.128531
0 0.494297 0.709641 0.0526875 0.120906
0 0.378531 0.61043 0.103875 0.149234
0 0.510156 0.529336 0.0848125 0.106328
0 0.178547 0.46418 0.053375 0.0777031
0 0.145055 0.426555 0.0543906 0.0967344
0 0.269508 0.37525 0.0697969 0.0818125
0 0.230258 0.490039 0.0757031 0.117203
