2 0.84036 0.788419 0.10684 0.0726205
0 0.67694 0.792801 0.02176 0.0836145
0 0.62312 0.795693 0.01344 0.103373
0 0.61195 0.798795 0.01102 0.0859639
0 0.53467 0.778102 0.0069 0.0339157
0 0.66542 0.793614 0.0156 0.085241
0 0.99252 0.799729 0.01496 0.0848193
0 0.90088 0.799804 0.01684 0.0653916
0 0.60534 0.797575 0.01188 0.0756325
0 0.58066 0.786009 0.00832 0.0570783
0 0.59175 0.793931 0.01898 0.0963554
0 0.55165 0.770964 0.00902 0.0441566
0 0.5692 0.797726 0.02164 0.0824398
0 0.26241 0.75869 0.01138 0.0415361
