2 0.428195 0.629302 0.0480781 0.0253125
2 0.481836 0.626188 0.0309531 0.0219583
2 0.748508 0.627302 0.0510781 0.0268125
2 0.696492 0.624542 0.0392031 0.0180417
2 0.461375 0.629927 0.039375 0.0264375
2 0.567578 0.629281 0.0270937 0.0250208
0 0.216438 0.6505 0.0277187 0.133542
0 0.590688 0.635302 0.0204688 0.0763542
0 0.616281 0.630979 0.0112812 0.0313333
6 0.963383 0.623177 0.0586406 0.0266875
6 0.455492 0.628635 0.0290781 0.0255625
6 0.347305 0.625292 0.0532031 0.032875
0 0.299055 0.647198 0.0174844 0.0353958
0 0.497445 0.639042 0.0174531 0.042125
0 0.0908516 0.627865 0.00767187 0.0210208
0 0.649086 0.633135 0.0117969 0.0358958
0 0.51057 0.62925 0.0101719 0.02775
0 0.0235781 0.623281 0.009 0.0364792
2 0.667398 0.627365 0.0327656 0.0261875
2 0.317305 0.630719 0.174328 0.0233542
2 0.851164 0.625792 0.0345156 0.0235
2 0.896172 0.626135 0.0179687 0.0208542
2 0.819211 0.6265 0.0424531 0.0230417
0 0.907531 0.626781 0.00521875 0.0117708
0 0.1015 0.63124 0.00678125 0.0206875
2 0.191148 0.632865 0.0272344 0.0160625
