0 0.528828 0.383577 0.272031 0.552186
0 0.168672 0.495464 0.0659062 0.0967835
0 0.859539 0.421722 0.135328 0.221381
0 0.961242 0.433969 0.0757344 0.223237
0 0.985797 0.353876 0.0284063 0.134351
0 0.886016 0.492299 0.0765 0.0801443
0 0.737984 0.38767 0.067 0.148825
0 0.643289 0.357227 0.0623594 0.111443
0 0.474711 0.365546 0.0420781 0.0562474
0 0.0920469 0.499423 0.111531 0.0969485
0 0.109391 0.429485 0.113656 0.175711
0 0.321844 0.485649 0.065875 0.114021
0 0.310688 0.472351 0.0159375 0.0676289
