2 0.882352 0.400352 0.235297 0.220516
0 0.692977 0.846937 0.314828 0.284624
0 0.467484 0.261432 0.0107813 0.0243192
0 0.636883 0.287218 0.0221406 0.0249531
0 0.359484 0.774284 0.291312 0.451432
0 0.746117 0.308005 0.0265469 0.055446
0 0.714703 0.291596 0.0180625 0.0495775
0 0.67457 0.280035 0.0223594 0.0438732
0 0.801906 0.301761 0.031875 0.0653991
0 0.483375 0.278369 0.00921875 0.0441549
0 0.138125 0.327066 0.0254063 0.117512
0 0.150008 0.318756 0.0207656 0.0833803
2 0.376687 0.29973 0.202188 0.0829343
0 0.116625 0.331596 0.022 0.116854
0 0.505266 0.276092 0.0148125 0.0634977
