0 0.568414 0.81199 0.0623594 0.120313
0 0.687211 0.633156 0.0303281 0.0557708
0 0.547953 0.667781 0.026 0.0374375
0 0.579109 0.639396 0.0415 0.089875
0 0.661453 0.628906 0.0344687 0.0626042
0 0.872109 0.669073 0.02975 0.0713958
0 0.940773 0.627771 0.0404219 0.0579167
0 0.883891 0.610208 0.0254063 0.0422083
0 0.582406 0.665198 0.027875 0.0381458
0 0.789836 0.639958 0.0333281 0.0458333
0 0.994414 0.619104 0.0111719 0.066625
0 0.918758 0.66376 0.0119531 0.0360208
0 0.710141 0.632552 0.0351562 0.0873958
