1 0.691992 0.654792 0.0747344 0.176362
0 0.09975 0.629272 0.0355938 0.369896
0 0.641078 0.604595 0.0899688 0.356424
0 0.236961 0.64736 0.0619531 0.313763
0 0.428547 0.611019 0.0705625 0.373347
0 0.488656 0.612703 0.076375 0.367152
0 0.133422 0.284709 0.0439063 0.0898753
0 0.953531 0.608794 0.0744375 0.311559
0 0.876758 0.605114 0.0652031 0.310312
0 0.918594 0.437287 0.0326562 0.128794
0 0.464375 0.44396 0.046 0.0825156
0 0.0425859 0.636112 0.0731406 0.367942
0 0.20418 0.62236 0.0563906 0.384927
0 0.29618 0.638441 0.0817344 0.339626
1 0.511953 0.656112 0.0257188 0.0985447
