2 0.57696 0.512102 0.24536 0.118
2 0.87027 0.527541 0.2055 0.0827551
0 0.06867 0.502908 0.13334 0.380959
0 0.44799 0.628398 0.14882 0.177
0 0.87951 0.63349 0.16262 0.189429
0 0.61245 0.629265 0.19118 0.184163
0 0.85264 0.506408 0.0892 0.167959
0 0.7782 0.486755 0.03616 0.0689388
0 0.29577 0.617122 0.18098 0.189184
0 0.21135 0.50101 0.12762 0.383857
0 0.96891 0.583714 0.06218 0.278367
2 0.41344 0.519143 0.09112 0.0841224
2 0.95177 0.508286 0.0599 0.0769796
2 0.73435 0.530633 0.08006 0.0713469
