0 0.537461 0.673498 0.199391 0.354928
0 0.248906 0.697368 0.143656 0.330889
0 0.371016 0.519351 0.0592812 0.0991346
0 0.285531 0.506767 0.054125 0.114399
0 0.233438 0.511887 0.070625 0.198678
0 0.137156 0.499375 0.08475 0.197788
0 0.700578 0.480096 0.0847813 0.173221
0 0.743508 0.475445 0.0681094 0.174447
0 0.801102 0.468546 0.0761719 0.197668
0 0.341344 0.759687 0.164688 0.235433
0 0.0335937 0.547187 0.0642812 0.132596
0 0.495766 0.515373 0.054875 0.103678
0 0.957102 0.462392 0.0816719 0.194639
