0 0.450836 0.209748 0.0559219 0.126914
0 0.302656 0.17776 0.0585938 0.132611
0 0.610984 0.122685 0.0435938 0.153027
0 0.849602 0.680905 0.108859 0.341573
0 0.464797 0.636306 0.21275 0.427448
0 0.223258 0.530846 0.0833281 0.399733
0 0.319742 0.55819 0.101609 0.357804
0 0.260984 0.27411 0.032625 0.118071
0 0.292031 0.332878 0.061625 0.199822
0 0.351719 0.351929 0.0575625 0.184451
0 0.403531 0.334822 0.0460313 0.172611
0 0.508023 0.0860386 0.0441719 0.142463
0 0.454992 0.350326 0.0549844 0.1673
