0 0.463289 0.719208 0.0565781 0.0769722
0 0.484938 0.767931 0.102156 0.177139
0 0.475555 0.940125 0.113234 0.112806
0 0.159453 0.823653 0.117406 0.158194
0 0.120445 0.670639 0.0466719 0.269056
0 0.0342266 0.937847 0.0684531 0.0978611
0 0.738297 0.721292 0.0403437 0.13925
0 0.870727 0.807486 0.0649219 0.208361
0 0.0547422 0.916431 0.0667031 0.150083
0 0.838492 0.593153 0.0376094 0.282583
0 0.968313 0.486417 0.0327188 0.0842778
0 0.465703 0.745278 0.0449375 0.0496111
0 0.805336 0.833819 0.166922 0.272917
