0 0.0884609 0.485386 0.158922 0.489883
0 0.628773 0.357763 0.118766 0.169204
0 0.881586 0.6024 0.182766 0.471733
0 0.922453 0.382518 0.0693125 0.100679
0 0.537898 0.567963 0.238422 0.345527
0 0.47557 0.36623 0.0522656 0.0664169
0 0.378211 0.434028 0.0757969 0.186557
0 0.583289 0.409543 0.0589844 0.0677049
0 0.220977 0.377354 0.0299531 0.0483841
0 0.228813 0.451136 0.0394375 0.105222
0 0.26818 0.38897 0.0512031 0.0977518
0 0.968148 0.352693 0.0283906 0.0560187
0 0.289383 0.361183 0.0330781 0.0556674
