0 0.153297 0.543452 0.167094 0.512359
0 0.275578 0.528149 0.108937 0.459459
0 0.348219 0.565931 0.0974375 0.401169
0 0.41782 0.569351 0.0876094 0.396364
0 0.486797 0.552641 0.0770938 0.407965
0 0.547398 0.568182 0.112359 0.420563
0 0.617461 0.565119 0.0693594 0.382922
0 0.39825 0.259545 0.07625 0.222468
0 0.649523 0.404859 0.0543906 0.176732
0 0.824883 0.54158 0.128141 0.42697
0 0.489094 0.284968 0.078875 0.172576
0 0.714758 0.550812 0.0836719 0.361797
0 0.574227 0.300065 0.0933906 0.171255
