1 0.795906 0.681125 0.0167813 0.0755
0 0.436594 0.671104 0.100125 0.139833
0 0.650609 0.599865 0.0133437 0.0275625
0 0.625758 0.619687 0.0418281 0.0745
0 0.723773 0.595198 0.0318906 0.0770625
0 0.794945 0.621135 0.0524219 0.151854
0 0.40618 0.570531 0.00457813 0.0191042
0 0.984859 0.590198 0.0302812 0.0673542
0 0.188031 0.600615 0.016375 0.0395625
0 0.180609 0.600656 0.009125 0.0463958
0 0.152922 0.613229 0.0132812 0.0334583
0 0.142445 0.612771 0.0104531 0.0365833
1 0.724945 0.643073 0.0233594 0.0699375
2 0.926828 0.582896 0.0618437 0.04625
0 0.974148 0.590125 0.0258594 0.0594583
1 0.992984 0.586156 0.0140313 0.0294792
2 0.958031 0.569594 0.0249375 0.0261875
2 0.855047 0.571719 0.0545 0.0311042
0 0.281016 0.589698 0.0104688 0.0328542
2 0.898953 0.56901 0.0385 0.0373542
2 0.798438 0.568448 0.0577812 0.0274375
2 0.761055 0.568469 0.0207344 0.0108958
