0 0.382352 0.782155 0.198453 0.435691
0 0.326484 0.811101 0.111813 0.377799
0 0.803664 0.919988 0.0943281 0.160023
0 0.121914 0.765 0.169016 0.265082
0 0.233891 0.712365 0.0869687 0.292131
0 0.567844 0.571499 0.1415 0.257611
0 0.824594 0.754614 0.175719 0.490773
0 0.0959531 0.867412 0.188906 0.238197
0 0.213359 0.924871 0.0734687 0.150258
0 0.901078 0.467412 0.0629687 0.251686
0 0.557734 0.725843 0.137937 0.337073
0 0.76557 0.873185 0.0937031 0.25363
0 0.483008 0.720984 0.0855156 0.347166
