0 0.520141 0.310208 0.07175 0.0956667
0 0.653094 0.384271 0.106187 0.143833
0 0.42693 0.31749 0.0810781 0.129729
0 0.552805 0.632594 0.182016 0.617979
0 0.147492 0.30826 0.0821719 0.0899792
0 0.204656 0.266021 0.0776563 0.151458
0 0.30275 0.265594 0.0882187 0.146479
0 0.400211 0.265625 0.0954844 0.17925
0 0.327758 0.166198 0.0861719 0.140104
0 0.241711 0.304969 0.0759844 0.0961458
0 0.320961 0.311906 0.0738906 0.0863125
0 0.664055 0.286 0.105266 0.157167
0 0.550453 0.262365 0.0739062 0.153979
