3 0.49382 0.412365 0.987641 0.824729
0 0.368273 0.191969 0.198422 0.374437
3 0.215484 0.280927 0.126188 0.165313
3 0.0605391 0.325375 0.114359 0.188333
3 0.911148 0.249104 0.177703 0.332583
0 0.0862656 0.186115 0.0405313 0.103646
0 0.896141 0.101531 0.0584375 0.158812
0 0.47725 0.121594 0.0359063 0.0793125
0 0.496297 0.124208 0.0215938 0.0767083
0 0.456148 0.104521 0.0161719 0.0247917
0 0.187531 0.144083 0.0560937 0.158083
0 0.628547 0.0936458 0.0217812 0.0751667
0 0.133664 0.157521 0.0243281 0.0535417
0 0.16775 0.101865 0.0256875 0.0896458
0 0.562594 0.126552 0.138375 0.245021
0 0.760477 0.300031 0.200641 0.595812
