0 0.414289 0.60095 0.121328 0.179532
0 0.813016 0.470661 0.0560312 0.202479
0 0.925828 0.501391 0.053125 0.229504
0 0.383633 0.426956 0.0527344 0.134904
0 0.481273 0.499091 0.0394219 0.159174
0 0.426344 0.393237 0.0410313 0.154848
0 0.212109 0.427727 0.0225312 0.10708
0 0.499648 0.520138 0.0697969 0.119669
0 0.308328 0.410248 0.0418125 0.136143
0 0.270281 0.419614 0.0266875 0.123912
0 0.677195 0.446364 0.0359844 0.162479
0 0.336109 0.422562 0.0300625 0.107713
0 0.226969 0.39876 0.0365938 0.151625
