0 0.243242 0.185388 0.134297 0.325835
0 0.499914 0.477965 0.322328 0.719082
0 0.541945 0.308294 0.0955469 0.442235
0 0.642102 0.456224 0.120922 0.467506
0 0.729672 0.264765 0.116437 0.304353
0 0.827836 0.403153 0.166016 0.722965
0 0.910672 0.377329 0.172344 0.751694
0 0.601844 0.252035 0.072875 0.306753
0 0.690633 0.157318 0.0585156 0.135859
0 0.365609 0.550565 0.728219 0.871906
0 0.647781 0.132129 0.061625 0.190847
0 0.734852 0.450082 0.0513906 0.4876
0 0.712594 0.195941 0.0795937 0.206894
