0 0.498937 0.48805 0.0298125 0.0904979
0 0.620344 0.618465 0.0573438 0.15166
0 0.475148 0.452946 0.0240781 0.0777593
0 0.288242 0.532002 0.0331406 0.120311
0 0.244211 0.494876 0.0277969 0.106266
0 0.571055 0.439886 0.0221406 0.0724689
0 0.788086 0.435539 0.0176406 0.0252697
0 0.674758 0.413216 0.00976562 0.0549793
0 0.662477 0.41083 0.0117656 0.0594191
0 0.848344 0.454398 0.0280625 0.0780498
0 0.507133 0.433662 0.0250156 0.0476971
0 0.765172 0.453672 0.0159375 0.0680498
0 0.625258 0.448071 0.0240781 0.0854357
