2 0.754195 0.387213 0.108328 0.147681
0 0.612469 0.688759 0.268375 0.608993
0 0.838109 0.648314 0.203906 0.68089
0 0.362086 0.665164 0.295359 0.64719
0 0.0916641 0.619368 0.180328 0.736487
0 0.956734 0.774274 0.0865313 0.429532
0 0.16025 0.365761 0.0520625 0.117892
0 0.00610938 0.334239 0.0122188 0.0855738
0 0.0164531 0.359778 0.0197188 0.0616159
0 0.304641 0.381745 0.0673438 0.144098
2 0.906125 0.395948 0.0750938 0.0783607
2 0.986875 0.394426 0.02625 0.0996721
0 0.191492 0.644145 0.199297 0.685714
