0 0.506695 0.504461 0.229609 0.641148
0 0.743633 0.49596 0.133172 0.525269
0 0.357219 0.89678 0.261344 0.20644
0 0.0916641 0.358103 0.180328 0.524778
0 0.348633 0.252506 0.168797 0.330773
0 0.372742 0.311358 0.135297 0.299953
0 0.442898 0.221054 0.0733281 0.207026
0 0.471141 0.10808 0.0485625 0.145574
0 0.913055 0.289895 0.173891 0.458431
0 0.244109 0.193337 0.0905312 0.247283
0 0.542602 0.17863 0.130859 0.276511
0 0.852352 0.322471 0.250391 0.4337
0 0.866234 0.101745 0.145094 0.203489
