0 0.524664 0.54549 0.233516 0.511188
0 0.735648 0.592344 0.201016 0.313063
0 0.780867 0.266292 0.0725469 0.0826667
0 0.2455 0.199573 0.0650312 0.118021
0 0.325297 0.165083 0.0580937 0.105958
0 0.356898 0.125969 0.0707344 0.106729
0 0.392609 0.0644792 0.0437813 0.111917
0 0.430344 0.214698 0.0775937 0.172854
0 0.373125 0.239583 0.06675 0.152583
0 0.277391 0.238115 0.0716875 0.161812
0 0.846992 0.0940208 0.100828 0.14175
0 0.883141 0.249438 0.101125 0.103375
0 0.125156 0.270875 0.0738437 0.108167
