0 0.427578 0.532615 0.00996875 0.0363125
0 0.470367 0.565698 0.0137656 0.103604
0 0.555898 0.543823 0.0427969 0.0940625
0 0.455234 0.550406 0.015875 0.0632708
0 0.433328 0.510156 0.0091875 0.0271042
0 0.290813 0.537906 0.0169063 0.0643125
0 0.317391 0.546833 0.0200938 0.072125
0 0.393422 0.55175 0.0223438 0.058875
0 0.450727 0.512646 0.0179844 0.0289583
0 0.373555 0.544885 0.0187969 0.0685625
0 0.32907 0.542375 0.00995313 0.0349167
0 0.481141 0.513927 0.00671875 0.0236042
0 0.482563 0.553156 0.0167187 0.0576875
