0 0.882289 0.663631 0.152391 0.455659
0 0.758281 0.646471 0.167781 0.510345
0 0.627172 0.660619 0.134469 0.476734
0 0.513031 0.635943 0.132156 0.523935
0 0.17743 0.337079 0.164453 0.328073
0 0.260906 0.632262 0.1605 0.498682
0 0.114789 0.639513 0.163734 0.505761
0 0.301375 0.364097 0.145031 0.27286
0 0.440414 0.382201 0.137016 0.278154
0 0.399797 0.618398 0.140688 0.4686
0 0.801469 0.404118 0.131562 0.337079
0 0.675578 0.372606 0.150719 0.28927
0 0.558328 0.383276 0.099625 0.272961
