0 0.761617 0.77764 0.0272969 0.0728037
0 0.738836 0.7691 0.0210156 0.0930607
0 0.68993 0.768224 0.0220156 0.104346
0 0.145328 0.899451 0.0404375 0.128341
0 0.0882187 0.938411 0.0450625 0.123178
0 0.592727 0.787815 0.0220156 0.0671729
0 0.293898 0.781449 0.0310781 0.102617
0 0.324359 0.810421 0.023875 0.0378505
0 0.802852 0.76722 0.0277656 0.0915888
0 0.874734 0.769579 0.0225312 0.101075
0 0.259867 0.787921 0.0257031 0.0966822
0 0.709461 0.773213 0.0229219 0.0876402
0 0.307328 0.812827 0.0100313 0.036215
