0 0.886945 0.5912 0.0287656 0.129976
0 0.274672 0.539847 0.0150937 0.0764
0 0.594187 0.502506 0.018 0.0630353
0 0.907172 0.494353 0.0138125 0.0577882
0 0.968312 0.414765 0.0157813 0.0421412
0 0.625805 0.464212 0.0113594 0.0512941
0 0.212844 0.507718 0.00934375 0.0440941
0 0.0762578 0.495306 0.00742187 0.0374353
0 0.0399531 0.490353 0.0089375 0.0303529
0 0.492039 0.473388 0.0109531 0.0423059
0 0.0686406 0.494365 0.0100938 0.0393176
0 0.862508 0.591788 0.0317344 0.128188
0 0.923898 0.486129 0.0142344 0.0709412
