0 0.160117 0.70899 0.165172 0.559562
0 0.517094 0.799333 0.301 0.369958
0 0.719383 0.737812 0.193484 0.524375
0 0.536797 0.682021 0.321906 0.442708
0 0.966805 0.650667 0.0663906 0.41
0 0.368422 0.534156 0.0455 0.134229
0 0.305602 0.61175 0.0952031 0.192875
0 0.452523 0.483844 0.0212031 0.0310208
0 0.628969 0.567094 0.0509063 0.149354
0 0.779359 0.600104 0.0688125 0.194208
0 0.875422 0.661948 0.1005 0.262229
0 0.436906 0.58426 0.0406562 0.105854
0 0.318477 0.902729 0.130016 0.177667
