0 0.0794219 0.588885 0.025 0.0737708
0 0.879016 0.557937 0.0275938 0.09725
0 0.421672 0.523229 0.0105313 0.029
0 0.360445 0.520833 0.00904687 0.0258333
0 0.0395547 0.599229 0.0341719 0.0877083
0 0.634602 0.525813 0.0137031 0.0421667
0 0.659852 0.526083 0.0116406 0.0399167
0 0.645625 0.535323 0.00328125 0.0151875
0 0.128312 0.584781 0.0295 0.0879792
0 0.677367 0.52799 0.0203281 0.0533958
0 0.589844 0.527573 0.0159375 0.0481875
0 0.550672 0.530406 0.0270312 0.0495625
0 0.699406 0.530927 0.013 0.0445208
