2 0.705703 0.819579 0.394156 0.19528
2 0.119273 0.778516 0.0842969 0.0908645
2 0.810789 0.775572 0.220109 0.135724
2 0.558727 0.783248 0.198953 0.109159
2 0.220102 0.72007 0.0187969 0.0157009
2 0.0934766 0.727325 0.0245781 0.0221729
6 0.922523 0.710654 0.154953 0.297991
0 0.270977 0.757009 0.0290781 0.0959813
0 0.130695 0.747734 0.00817188 0.0061215
0 0.917594 0.701577 0.0218125 0.0300234
2 0.539719 0.718259 0.0475625 0.0503037
2 0.157492 0.726636 0.0163594 0.0194393
2 0.181461 0.721682 0.0141719 0.0178037
2 0.234398 0.721706 0.00982813 0.0121495
0 0.168172 0.738727 0.0085625 0.0440421
