3 0.892823 0.657828 0.0493125 0.0456875
3 0.855625 0.66332 0.0707917 0.0398906
0 0.814125 0.610055 0.0197083 0.0210469
0 0.634229 0.677844 0.0206667 0.040125
0 0.583094 0.902313 0.0334375 0.0979375
0 0.538771 0.903055 0.0419583 0.0944219
0 0.636698 0.908992 0.0449375 0.105609
3 0.72924 0.630461 0.0247708 0.0287969
0 0.413427 0.921703 0.0403125 0.100469
0 0.673375 0.641367 0.0225 0.0541094
0 0.289 0.669578 0.0177083 0.0311875
0 0.80649 0.636195 0.0206042 0.0445156
0 0.297333 0.923102 0.0461667 0.0984844
0 0.756052 0.653211 0.0231875 0.0250469
