0 0.363594 0.632573 0.16175 0.728896
0 0.111484 0.62274 0.219594 0.729729
0 0.115242 0.362104 0.141766 0.236708
0 0.592008 0.22476 0.0230156 0.0412292
0 0.583164 0.559708 0.137922 0.637792
0 0.462641 0.589896 0.136531 0.703375
0 0.636602 0.50175 0.0677969 0.470917
0 0.680445 0.556958 0.0749844 0.461958
0 0.424281 0.307292 0.0211562 0.0685833
0 0.791937 0.498115 0.0771563 0.429854
0 0.265453 0.531458 0.0994375 0.537083
0 0.141305 0.372042 0.0462344 0.12225
0 0.513188 0.335781 0.0524375 0.116146
