0 0.191156 0.617717 0.187406 0.48541
0 0.78607 0.549567 0.0727969 0.297166
0 0.639852 0.423244 0.0294844 0.0624122
0 0.863891 0.513033 0.0361563 0.0651756
0 0.544383 0.489895 0.0423281 0.0492506
0 0.586586 0.491218 0.0447656 0.0457143
0 0.168672 0.265902 0.04875 0.0967681
0 0.559969 0.165176 0.0319375 0.0942389
0 0.408883 0.221967 0.0387031 0.0676815
0 0.575141 0.420831 0.0310312 0.0764169
0 0.476508 0.448653 0.0254531 0.0469555
0 0.704617 0.366838 0.0169531 0.0527869
0 0.457945 0.492951 0.0398906 0.0563934
