0 0.769383 0.784271 0.214047 0.409
0 0.702023 0.765458 0.110078 0.469083
0 0.846969 0.462719 0.0543438 0.150229
0 0.246766 0.456458 0.0550312 0.2015
0 0.604211 0.767417 0.139891 0.271917
0 0.51918 0.474 0.0429844 0.182875
0 0.18232 0.463427 0.0593594 0.120896
0 0.455055 0.789198 0.117984 0.289896
0 0.324898 0.454781 0.0553594 0.179104
0 0.399609 0.44674 0.0222812 0.117271
0 0.481516 0.422604 0.0498437 0.104542
0 0.902344 0.399458 0.0218125 0.0890833
0 0.193281 0.40074 0.038375 0.119688
