0 0.482292 0.852578 0.0711667 0.118594
0 0.706708 0.829234 0.0112917 0.0215312
0 0.762771 0.853602 0.0420417 0.0720781
0 0.330552 0.852094 0.0345625 0.0415937
0 0.192927 0.822273 0.0174792 0.0574531
0 0.889396 0.818039 0.0198333 0.0362344
0 0.175292 0.822953 0.0295833 0.0616875
0 0.236573 0.823 0.0261458 0.0476875
0 0.866906 0.827094 0.0142292 0.0397813
0 0.871271 0.794 0.012 0.0202813
0 0.682302 0.827523 0.0193125 0.0207656
0 0.865667 0.778359 0.01325 0.022375
0 0.358823 0.837133 0.0402708 0.0743594
