0 0.484211 0.549436 0.515734 0.874167
0 0.902141 0.46875 0.0859688 0.195931
0 0.840133 0.381336 0.0593281 0.115025
0 0.970766 0.254424 0.0580937 0.121348
0 0.933586 0.307488 0.0612969 0.156838
0 0.875195 0.315613 0.0494219 0.0992157
0 0.804414 0.428762 0.0655781 0.162328
0 0.653086 0.50701 0.0417031 0.0828431
0 0.820383 0.410184 0.0749219 0.120466
0 0.923078 0.348419 0.0645 0.165172
0 0.914258 0.278137 0.0411406 0.0616176
0 0.74518 0.393738 0.0395469 0.0585539
0 0.96218 0.302598 0.0580469 0.138284
