0 0.708711 0.583146 0.294953 0.649458
0 0.604211 0.51476 0.106172 0.0898958
0 0.248508 0.589813 0.175359 0.717375
0 0.395664 0.457667 0.0912656 0.113958
0 0.492531 0.468896 0.056375 0.05525
0 0.516375 0.436115 0.11175 0.129604
0 0.4495 0.342885 0.0880937 0.123896
0 0.379477 0.339354 0.0562344 0.104083
0 0.360914 0.405604 0.0753906 0.133333
0 0.392625 0.152052 0.0823438 0.253812
0 0.932305 0.470906 0.0878594 0.0940208
0 0.304508 0.407438 0.0460781 0.123542
0 0.304984 0.356885 0.0519687 0.0932708
