2 0.44568 0.540281 0.0843906 0.101639
2 0.312609 0.556932 0.0809375 0.0845433
2 0.306141 0.48774 0.050375 0.0542155
0 0.495656 0.761581 0.198437 0.473653
0 0.673375 0.673888 0.0710313 0.349602
0 0.157906 0.580234 0.032 0.0934426
0 0.270773 0.587717 0.0585156 0.0919672
0 0.239453 0.560129 0.0595938 0.0762295
2 0.480938 0.441745 0.0287187 0.0383372
2 0.73032 0.457002 0.0389219 0.0387354
2 0.896984 0.594415 0.206031 0.115855
2 0.422023 0.442951 0.0267031 0.0293677
0 0.0916328 0.48308 0.0177031 0.0736534
0 0.319398 0.582588 0.0570469 0.122412
0 0.116172 0.480094 0.0142187 0.0813115
2 0.691359 0.441944 0.0203438 0.0251522
2 0.709508 0.446452 0.0168281 0.0288759
2 0.728836 0.432623 0.0254219 0.0157377
0 0.0273516 0.531429 0.0262031 0.107541
2 0.956945 0.495211 0.0620781 0.0627869
2 0.299133 0.522775 0.0580781 0.0403981
0 0.128266 0.488595 0.0124688 0.0781733
2 0.311969 0.46048 0.0425937 0.0283607
