0 0.656461 0.503944 0.147297 0.410833
0 0.5465 0.170514 0.0577187 0.199806
0 0.4585 0.145486 0.0401562 0.242528
0 0.292203 0.144167 0.0553125 0.2675
0 0.902828 0.0707778 0.0436563 0.127833
0 0.249875 0.0570556 0.0318437 0.111111
0 0.520344 0.0510417 0.0218438 0.0989167
0 0.613242 0.0784306 0.0304219 0.155139
0 0.970273 0.0683611 0.0288906 0.134889
0 0.990859 0.0758611 0.0179687 0.134111
0 0.570266 0.0796944 0.040625 0.159389
0 0.364797 0.156458 0.0381875 0.213806
0 0.411648 0.136125 0.0395781 0.220472
