0 0.484742 0.602794 0.0682969 0.303971
0 0.704867 0.626176 0.0706406 0.272745
0 0.130906 0.287892 0.0525312 0.168235
0 0.594164 0.278701 0.0445781 0.0781373
0 0.62907 0.293395 0.0317969 0.0648775
0 0.719805 0.299547 0.0482031 0.0816422
0 0.763195 0.307806 0.0385469 0.0728676
0 0.496391 0.266299 0.05875 0.101127
0 0.375164 0.246213 0.0668281 0.0750735
0 0.231258 0.232647 0.0554531 0.0897549
0 0.0990625 0.250674 0.0577187 0.17076
0 0.558844 0.645453 0.134125 0.283113
0 0.0551562 0.195809 0.0510938 0.0843627
