0 0.747835 0.780229 0.184265 0.396601
0 0.475008 0.482075 0.0528268 0.183889
0 0.42616 0.494289 0.0510784 0.185866
0 0.26732 0.482631 0.0602288 0.183595
0 0.122475 0.491013 0.0921405 0.240458
0 0.219109 0.459551 0.0647222 0.167141
0 0.127533 0.355057 0.0567974 0.103252
0 0.867418 0.708987 0.12134 0.253922
0 0.186348 0.380237 0.0547876 0.0725
0 0.0461683 0.286373 0.0622386 0.115294
0 0.56491 0.535703 0.0743627 0.18085
0 0.927778 0.619559 0.0268627 0.0514706
0 0.325556 0.465082 0.0685621 0.137092
