0 0.610391 0.316885 0.121625 0.441229
0 0.401125 0.487646 0.131469 0.494375
0 0.827242 0.154854 0.101641 0.303958
0 0.917469 0.191187 0.101 0.213458
0 0.676625 0.107281 0.0467813 0.0468542
0 0.247031 0.200354 0.0534375 0.0809583
0 0.978641 0.0714062 0.0426875 0.0610625
0 0.618062 0.104813 0.04375 0.0468333
0 0.748008 0.0823437 0.0475156 0.0834792
0 0.281297 0.171479 0.0689687 0.134125
0 0.0582969 0.18175 0.0526563 0.111708
0 0.0309766 0.180042 0.0524219 0.114
0 0.63007 0.0672917 0.0610469 0.0735
