0 0.566289 0.683146 0.262922 0.633708
0 0.178211 0.454958 0.0861406 0.135125
0 0.358047 0.458573 0.0802812 0.118688
0 0.0896562 0.455417 0.0909688 0.150625
0 0.792281 0.491708 0.0725313 0.203292
0 0.417203 0.454344 0.0652188 0.122729
0 0.650336 0.489 0.0714531 0.12575
0 0.274484 0.455281 0.0862187 0.119646
0 0.742234 0.49826 0.0865625 0.181938
0 0.82375 0.478781 0.0867813 0.131146
0 0.843344 0.642167 0.273312 0.410083
0 0.513266 0.47849 0.0422812 0.120313
0 0.3885 0.697479 0.294063 0.534917
