1 0.107375 0.194215 0.209031 0.255363
1 0.832875 0.315738 0.33425 0.379297
1 0.630047 0.0862295 0.0354063 0.095082
0 0.857273 0.206077 0.166797 0.40541
0 0.939312 0.130902 0.112437 0.251686
0 0.419055 0.0797775 0.151422 0.159555
0 0.0630625 0.141194 0.0959375 0.282389
0 0.667 0.0715105 0.0633125 0.140867
0 0.480625 0.0409368 0.0321875 0.0488056
1 0.304617 0.227939 0.205172 0.342717
1 0.555125 0.280468 0.0972187 0.177377
0 0.456289 0.552646 0.270109 0.894707
0 0.307438 0.172799 0.128688 0.344005
