2 0.519766 0.129311 0.390969 0.226311
2 0.861133 0.143567 0.275391 0.147533
2 0.946828 0.0749667 0.105438 0.0752222
2 0.361656 0.112356 0.226469 0.167956
2 0.171891 0.0602778 0.0950938 0.0789556
0 0.769758 0.468178 0.194641 0.856267
0 0.0238047 0.122544 0.0476094 0.164289
0 0.311719 0.0460556 0.0244688 0.0641111
0 0.246102 0.104222 0.0400469 0.146667
0 0.711398 0.0875556 0.0288906 0.120267
0 0.724219 0.0481 0.0199375 0.0449556
0 0.811359 0.0578556 0.0206563 0.0626
0 0.904039 0.0492667 0.0189531 0.0421333
0 0.863656 0.0507444 0.023875 0.0461111
0 0.257828 0.0315222 0.011625 0.0216222
0 0.247625 0.0200667 0.0141563 0.0229333
0 0.353766 0.0479889 0.018625 0.057
0 0.882219 0.0324222 0.0143437 0.0204
