3 0.683156 0.828176 0.0587188 0.0426118
3 0.588664 0.807918 0.0177344 0.0422824
0 0.942609 0.921694 0.072375 0.156612
0 0.80482 0.8282 0.0379844 0.102847
0 0.851008 0.794106 0.0217656 0.0587059
0 0.0357188 0.864035 0.03375 0.111788
0 0.0721016 0.873871 0.0386406 0.136588
0 0.599523 0.807318 0.0204844 0.0724235
0 0.616172 0.808718 0.0178125 0.0668
0 0.786375 0.828624 0.0396562 0.105624
0 0.301641 0.828247 0.02475 0.0612941
0 0.415609 0.808 0.0111562 0.0635765
0 0.620891 0.789353 0.0103438 0.0315529
0 0.319805 0.825212 0.0173594 0.0568235
3 0.884867 0.869365 0.0982969 0.113647
0 0.198492 0.803729 0.0109219 0.0244
2 0.196297 0.825212 0.132531 0.0920706
