0 0.228031 0.555024 0.0804062 0.371741
0 0.274992 0.487659 0.0590156 0.335459
0 0.392555 0.533471 0.0529531 0.334659
0 0.443359 0.492035 0.04725 0.301529
0 0.510227 0.495518 0.0763281 0.3828
0 0.584234 0.521624 0.078 0.351341
0 0.626633 0.480294 0.0420781 0.289294
0 0.704289 0.503882 0.0765156 0.328188
0 0.782477 0.511424 0.0542969 0.3028
0 0.134664 0.546047 0.0763906 0.399529
0 0.0934922 0.387671 0.0364531 0.144565
0 0.548563 0.454741 0.0327188 0.194612
0 0.865008 0.5096 0.0680781 0.261647
