0 0.64232 0.812697 0.0288281 0.141011
0 0.623758 0.780098 0.0249219 0.113848
0 0.546781 0.789944 0.0273125 0.163708
0 0.501758 0.796433 0.0286719 0.153146
0 0.522977 0.797402 0.0163281 0.142219
0 0.466766 0.795674 0.0338125 0.152472
0 0.613977 0.709522 0.0112656 0.0596629
0 0.536695 0.680084 0.00748437 0.0339326
0 0.501906 0.656896 0.00690625 0.0369944
0 0.517906 0.670744 0.0079375 0.0230056
0 0.571086 0.688399 0.00695313 0.0532022
0 0.626898 0.689916 0.0132656 0.0480337
0 0.507578 0.679593 0.00796875 0.0400843
