1 0.724547 0.584056 0.0464375 0.062
2 0.155281 0.573944 0.135844 0.101278
2 0.932469 0.577583 0.1325 0.119389
2 0.514313 0.599667 0.167375 0.120778
0 0.38143 0.615667 0.0467656 0.235722
0 0.420508 0.618972 0.0408906 0.174667
0 0.475898 0.6215 0.0456406 0.243389
0 0.526266 0.608458 0.0545625 0.256194
0 0.767078 0.685056 0.0545625 0.283944
0 0.874633 0.571778 0.0368281 0.0846111
0 0.737617 0.537333 0.0253906 0.0417222
0 0.336289 0.529319 0.0110156 0.0406944
0 0.545328 0.534847 0.0124375 0.0425833
0 0.305125 0.536153 0.0111562 0.0493056
0 0.210656 0.536028 0.0119063 0.0611111
2 0.0813125 0.528722 0.0405625 0.0367778
2 0.0447969 0.514847 0.0365938 0.0444167
2 0.180437 0.538958 0.0715937 0.0545278
