2 0.566766 0.652052 0.0921875 0.0641458
2 0.737125 0.672646 0.122938 0.059375
2 0.897922 0.663281 0.062125 0.0463958
2 0.813609 0.671677 0.0796875 0.0491042
6 0.323078 0.66326 0.17 0.0776458
6 0.0822656 0.655792 0.136875 0.061
6 0.234227 0.646094 0.135234 0.0513542
6 0.0577187 0.619865 0.112187 0.0436458
6 0.667977 0.628396 0.0537656 0.02475
2 0.433352 0.642375 0.0848906 0.0495
2 0.497781 0.651771 0.054875 0.0591667
2 0.865703 0.657365 0.0527813 0.0476458
2 0.962891 0.664625 0.0742188 0.0586667
2 0.833711 0.619302 0.0532031 0.0139792
2 0.678078 0.658552 0.108688 0.0501042
2 0.767383 0.652438 0.0326406 0.019
