0 0.125695 0.900756 0.0326406 0.17686
0 0.219906 0.894927 0.0294687 0.171076
0 0.83657 0.908081 0.0758594 0.182907
0 0.679375 0.893735 0.0352188 0.0850872
0 0.431445 0.935872 0.00820313 0.0509302
0 0.475703 0.91452 0.0324688 0.0907267
0 0.28393 0.960073 0.0141406 0.024157
0 0.811883 0.896468 0.0312031 0.205785
0 0.20057 0.946424 0.0102656 0.0480814
0 0.143305 0.895247 0.0425781 0.183866
0 0.551992 0.912355 0.0338281 0.0763953
0 0.317641 0.955872 0.0133437 0.0261628
0 0.237328 0.900451 0.0218438 0.156715
