0 0.516109 0.648564 0.0245312 0.0561824
0 0.577867 0.234147 0.0831406 0.150557
0 0.24843 0.359535 0.173016 0.0828547
0 0.0858203 0.645262 0.0185469 0.0507601
0 0.784719 0.646343 0.015 0.0319088
0 0.630148 0.633184 0.0192969 0.052348
0 0.0530703 0.648446 0.0151719 0.048277
0 0.966312 0.315549 0.067375 0.137179
0 0.909078 0.207956 0.178875 0.1225
0 0.551984 0.645608 0.0200625 0.0619932
2 0.248953 0.643117 0.0304687 0.0447804
0 0.0794531 0.619586 0.010125 0.0318412
2 0.0188359 0.631039 0.0363906 0.0312331
2 0.03125 0.657221 0.0347187 0.0274831
6 0.204555 0.642264 0.0527344 0.0475
6 0.13918 0.638302 0.0480469 0.0434291
2 0.317094 0.642264 0.0531875 0.0338851
2 0.0783906 0.633674 0.0401875 0.0425169
0 0.804813 0.611132 0.0213125 0.0238176
2 0.282844 0.639552 0.020375 0.0167061
