4 0.304891 0.544519 0.144562 0.0552347
0 0.133695 0.768697 0.0913906 0.301854
0 0.205039 0.633075 0.0314219 0.096385
0 0.288391 0.722054 0.0661562 0.289883
0 0.352828 0.760552 0.0805937 0.299883
0 0.546062 0.748638 0.0659062 0.304225
0 0.626305 0.731056 0.0860156 0.359859
0 0.695234 0.710423 0.0555937 0.27507
0 0.789438 0.708099 0.0643125 0.311408
0 0.893852 0.609566 0.0410469 0.1127
0 0.22607 0.795974 0.0964844 0.26007
0 0.456641 0.723732 0.0629062 0.343474
0 0.340945 0.608016 0.0360781 0.0826056
0 0.377234 0.655376 0.0338125 0.17
