2 0.394602 0.310385 0.112953 0.146774
2 0.523164 0.307841 0.101609 0.154144
2 0.0569844 0.376117 0.0391875 0.16603
2 0.527117 0.357084 0.0603594 0.152581
6 0.801289 0.413288 0.382922 0.657643
0 0.322586 0.672481 0.152141 0.39598
2 0.0283516 0.42397 0.0567031 0.208337
2 0.59807 0.429057 0.0836719 0.227494
2 0.0914062 0.296191 0.0949688 0.134417
2 0.140461 0.262457 0.0398281 0.128437
2 0.0773125 0.331489 0.0760312 0.154888
6 0.584469 0.347519 0.113375 0.191017
2 0.0269062 0.354156 0.0538125 0.149801
2 0.0568047 0.349553 0.0843281 0.154144
