0 0.209859 0.522708 0.0475938 0.127806
0 0.119961 0.478236 0.0311406 0.118361
0 0.158109 0.348 0.0543125 0.271111
0 0.0499297 0.234833 0.0442344 0.0921111
0 0.105719 0.432264 0.0842813 0.248528
0 0.247883 0.359222 0.0387344 0.297333
0 0.539695 0.528556 0.0572344 0.110556
0 0.30157 0.535375 0.0757344 0.122028
0 0.315242 0.344597 0.0314844 0.207917
0 0.37875 0.364389 0.0285 0.169889
0 0.647711 0.504722 0.0969219 0.181889
0 0.469578 0.521583 0.0679687 0.127556
0 0.344602 0.461931 0.0521094 0.0969722
