1 0.39068 0.357607 0.0285781 0.0755882
0 0.458961 0.356176 0.103734 0.514599
0 0.54693 0.332433 0.0291094 0.111123
0 0.149172 0.346618 0.0577187 0.210027
0 0.206305 0.348088 0.0425156 0.115909
0 0.227109 0.348717 0.0399687 0.109465
0 0.0843047 0.290521 0.0377031 0.106337
0 0.115828 0.280094 0.032125 0.0872995
0 0.21432 0.276751 0.0208281 0.067246
0 0.301844 0.310909 0.0184375 0.0351337
0 0.340797 0.329171 0.0327188 0.114706
0 0.0502031 0.280575 0.0484062 0.128636
0 0.31843 0.322848 0.0303594 0.045107
0 0.253828 0.272005 0.0301563 0.0638503
