0 0.513648 0.526971 0.257484 0.537063
0 0.420734 0.304497 0.108844 0.26291
0 0.736625 0.510265 0.249531 0.480899
0 0.727336 0.224722 0.124766 0.449444
0 0.518414 0.144709 0.0459219 0.130317
0 0.946563 0.553876 0.106875 0.329392
0 0.358391 0.272315 0.0874062 0.198862
0 0.129023 0.274259 0.0827031 0.19037
0 0.636367 0.348876 0.0618281 0.290503
0 0.304586 0.350899 0.121828 0.31164
0 0.907836 0.217421 0.0470781 0.077381
0 0.207789 0.20254 0.0301406 0.067672
0 0.23625 0.534286 0.30375 0.597407
