0 0.770758 0.523588 0.455141 0.885388
0 0.349937 0.424341 0.317844 0.512353
0 0.505852 0.557682 0.185359 0.378518
0 0.0948125 0.314929 0.148812 0.369388
0 0.0354219 0.276906 0.0705313 0.263129
0 0.199688 0.271812 0.113156 0.316
0 0.27693 0.114882 0.0587031 0.187788
0 0.372391 0.150212 0.0744062 0.132612
0 0.788719 0.136129 0.101844 0.216165
0 0.0712344 0.184918 0.0340312 0.103671
0 0.961633 0.158412 0.0665469 0.110988
0 0.0559844 0.167447 0.016625 0.0591294
0 0.522703 0.133729 0.0432813 0.125106
