0 0.154664 0.725656 0.119703 0.331896
0 0.409016 0.632104 0.045625 0.178042
0 0.444719 0.648646 0.0432813 0.175625
0 0.576875 0.621312 0.0345 0.132917
0 0.671477 0.628448 0.0404844 0.132021
0 0.721133 0.631302 0.0347031 0.149563
0 0.809344 0.628552 0.038 0.133688
0 0.500289 0.643979 0.0663281 0.202417
0 0.942906 0.685969 0.0764375 0.208271
0 0.0490781 0.710646 0.0846875 0.302417
0 0.750102 0.633604 0.0372656 0.149083
0 0.843719 0.649448 0.0358125 0.168437
0 0.887398 0.660448 0.0675469 0.218979
