0 0.106523 0.75021 0.0353281 0.133753
0 0.231742 0.749751 0.0438906 0.160131
0 0.446 0.711483 0.0130938 0.0155118
0 0.469859 0.7721 0.0445938 0.0699213
0 0.562164 0.735761 0.0279844 0.131155
0 0.789711 0.689593 0.0132969 0.0648556
0 0.692078 0.69689 0.0147813 0.0811811
0 0.752219 0.839147 0.127 0.123701
0 0.603391 0.731719 0.0281875 0.137559
0 0.728805 0.694869 0.0173594 0.0935171
0 0.681086 0.683268 0.0117344 0.0527297
0 0.984703 0.706207 0.0305937 0.140236
0 0.274109 0.699344 0.0116562 0.0441995
