0 0.139984 0.769276 0.011125 0.0267757
0 0.292813 0.822605 0.0214688 0.0436682
0 0.415922 0.775421 0.00796875 0.0418224
0 0.61957 0.758914 0.00957812 0.0284813
0 0.565484 0.764977 0.0105938 0.0242523
0 0.454828 0.78257 0.0107813 0.0166822
0 0.472938 0.783843 0.00796875 0.0442757
0 0.609773 0.766928 0.00976562 0.041472
0 0.0997578 0.768925 0.00842187 0.0266355
0 0.114562 0.769136 0.00753125 0.026729
0 0.280813 0.826951 0.0129688 0.0336215
0 0.46625 0.789907 0.0118438 0.0276168
0 0.581898 0.762453 0.0182344 0.0211215
