0 0.729727 0.170042 0.0472969 0.126125
0 0.54775 0.524865 0.117969 0.483146
0 0.715375 0.51899 0.0996563 0.484229
0 0.822125 0.588812 0.209813 0.510042
0 0.941859 0.543812 0.116281 0.53925
0 0.593648 0.272094 0.0467344 0.138771
0 0.677125 0.207719 0.0453125 0.100437
0 0.399266 0.60776 0.0627812 0.309646
0 0.356461 0.746073 0.237641 0.480896
0 0.106563 0.612354 0.183375 0.775292
0 0.2215 0.603271 0.135063 0.689708
0 0.551203 0.239052 0.0345625 0.0785625
0 0.416859 0.360917 0.0794375 0.18275
