0 0.664438 0.621385 0.134187 0.421479
0 0.587695 0.577646 0.0795156 0.294042
0 0.488828 0.575344 0.0789688 0.272104
0 0.0578984 0.583958 0.0982969 0.3805
0 0.80068 0.650906 0.0777031 0.155396
0 0.316484 0.533906 0.0324375 0.154229
0 0.346914 0.542219 0.0587969 0.176354
0 0.733148 0.578958 0.0715469 0.203417
0 0.430805 0.541333 0.0316094 0.169208
0 0.392539 0.53949 0.0422344 0.181021
0 0.242461 0.535448 0.0320781 0.142521
0 0.2185 0.540885 0.0427812 0.161604
0 0.1905 0.526312 0.0306563 0.140875
