2 0.351852 0.461094 0.0247344 0.0408958
0 0.54232 0.408781 0.0777969 0.300479
0 0.193539 0.453552 0.0835156 0.264104
0 0.091125 0.420615 0.0829063 0.187438
0 0.929953 0.383438 0.0522813 0.141792
0 0.354164 0.422938 0.0114531 0.0439583
0 0.398703 0.404844 0.0089375 0.0387708
0 0.410609 0.396802 0.0111562 0.0436042
0 0.424578 0.401635 0.0145625 0.0462292
0 0.441758 0.392365 0.0129219 0.0291875
0 0.0217031 0.415385 0.00978125 0.0228125
0 0.0101797 0.439146 0.0131719 0.038125
0 0.0331094 0.426615 0.0198125 0.0384375
0 0.798312 0.391708 0.00875 0.028875
