0 0.451586 0.908665 0.0662656 0.177892
0 0.360148 0.848981 0.0204844 0.0508431
0 0.155336 0.818525 0.0190469 0.0400937
0 0.0466641 0.838232 0.0492969 0.203396
0 0.773891 0.873466 0.0658438 0.253068
0 0.694719 0.75089 0.0555312 0.0900234
0 0.574625 0.849637 0.0295312 0.0905152
0 0.590047 0.817412 0.0143437 0.0343091
0 0.609641 0.844707 0.0327188 0.0955035
0 0.507359 0.867881 0.0467187 0.125925
0 0.534578 0.830785 0.0291875 0.0616159
0 0.211039 0.849731 0.0677031 0.10185
0 0.0965625 0.811253 0.0104375 0.0424122
