4 0.419656 0.64875 0.3 0.179792
0 0.652844 0.702208 0.0495625 0.181583
0 0.734852 0.736781 0.0538906 0.225646
0 0.775516 0.730812 0.0720937 0.2355
0 0.0524063 0.754646 0.053 0.193583
0 0.076375 0.699854 0.0319375 0.10325
0 0.369773 0.674302 0.0258281 0.112021
6 0.418242 0.630458 0.294578 0.201
6 0.182102 0.645052 0.183922 0.141521
0 0.866344 0.674583 0.0243125 0.0364583
0 0.202086 0.680094 0.0242031 0.0838958
0 0.246953 0.683958 0.033125 0.112917
0 0.865203 0.641458 0.0354375 0.0664167
6 0.823492 0.626698 0.353016 0.249188
0 0.79818 0.680583 0.0212344 0.0675417
0 0.752547 0.66124 0.0275 0.0978125
0 0.818602 0.650885 0.0290156 0.0806458
