0 0.919865 0.858695 0.157229 0.230422
0 0.496729 0.677172 0.06675 0.0930938
0 0.628302 0.680594 0.0598958 0.10225
0 0.208854 0.692094 0.106083 0.188437
0 0.159635 0.67457 0.0540208 0.193516
0 0.0705521 0.800117 0.131646 0.277391
0 0.449729 0.655641 0.0414583 0.044
0 0.408 0.675438 0.0507917 0.0589063
0 0.671479 0.673422 0.0530833 0.0792812
0 0.818115 0.60325 0.0743958 0.109813
0 0.393115 0.588883 0.0480625 0.0605781
0 0.899563 0.627094 0.03125 0.0250625
0 0.312969 0.697602 0.0754792 0.102859
