0 0.0131641 0.780363 0.0263281 0.144473
0 0.0411172 0.785855 0.0352656 0.146089
0 0.0860781 0.780141 0.0218438 0.120047
0 0.129133 0.754965 0.0331094 0.126557
0 0.216273 0.751604 0.0184844 0.101429
0 0.381219 0.790691 0.0425625 0.163817
0 0.409664 0.763864 0.0369219 0.123888
0 0.446664 0.751663 0.0171406 0.0936768
0 0.156305 0.773208 0.0373594 0.14904
0 0.0586953 0.756276 0.0292656 0.107728
0 0.338273 0.762377 0.0107344 0.0652225
0 0.193133 0.794941 0.0370469 0.163279
0 0.740109 0.76452 0.0339375 0.13911
