0 0.714664 0.342618 0.256391 0.419614
0 0.880297 0.149442 0.117813 0.294378
0 0.729023 0.0777039 0.0891719 0.151459
0 0.136016 0.249249 0.125281 0.498498
0 0.295578 0.218948 0.080625 0.391845
0 0.366773 0.206803 0.0843594 0.413605
0 0.476437 0.229152 0.096375 0.458305
0 0.529328 0.216856 0.0638125 0.379764
0 0.601437 0.193015 0.080125 0.374013
0 0.657281 0.0967704 0.060875 0.180494
0 0.96882 0.24324 0.0623594 0.486481
0 0.254172 0.242328 0.0715313 0.3547
0 0.773383 0.0776609 0.0590469 0.155322
