2 0.721125 0.762541 0.00828125 0.0087822
0 0.565656 0.785574 0.0373437 0.120749
0 0.634898 0.783782 0.0372344 0.135995
0 0.765203 0.775 0.0248125 0.0892974
0 0.594898 0.791276 0.0217969 0.10808
0 0.31507 0.785059 0.0119219 0.0532084
0 0.350719 0.775527 0.003625 0.0140984
0 0.341047 0.775609 0.0053125 0.0195082
2 0.702891 0.760527 0.0137187 0.00906323
2 0.10543 0.780773 0.0358594 0.0268852
2 0.982992 0.772248 0.0340156 0.136066
2 0.808664 0.760199 0.0267344 0.0187119
2 0.399031 0.77308 0.0140937 0.00812646
