4 0.320805 0.24674 0.109172 0.0800208
0 0.880617 0.537083 0.160109 0.831458
0 0.698766 0.285646 0.0545937 0.139667
0 0.625266 0.297094 0.0550625 0.149354
0 0.584367 0.275625 0.0350469 0.128
0 0.157102 0.29276 0.0544844 0.194229
0 0.424281 0.259031 0.0252812 0.0806458
0 0.403539 0.257531 0.0300156 0.0872708
0 0.281234 0.260542 0.0305 0.0845417
0 0.553156 0.293312 0.062125 0.196167
0 0.380828 0.262125 0.02725 0.07375
0 0.254844 0.254438 0.033875 0.100042
0 0.747258 0.331479 0.0767344 0.229792
6 0.318977 0.251958 0.101453 0.0907917
6 0.205844 0.215469 0.101125 0.0388958
0 0.216391 0.266844 0.036 0.0972708
