0 0.304918 0.838242 0.101056 0.147984
0 0.118908 0.852375 0.0409624 0.0764688
0 0.37412 0.846055 0.0353756 0.0473906
0 0.703157 0.833633 0.0238263 0.0461406
0 0.643345 0.838672 0.020493 0.0418437
0 0.599401 0.836289 0.020493 0.0262969
0 0.963697 0.86018 0.0505399 0.0391719
0 0.689589 0.874328 0.115047 0.0750313
0 0.692629 0.867102 0.0403756 0.0295781
0 0.547019 0.856945 0.0453052 0.0325781
0 0.919859 0.826477 0.0296714 0.0536094
0 0.604566 0.847258 0.0226056 0.0274219
0 0.340763 0.864195 0.0343427 0.0425781
