1 0.179018 0.257016 0.122863 0.0876875
0 0.563569 0.212875 0.0426789 0.0369063
0 0.973119 0.215156 0.0392843 0.0343125
0 0.412331 0.222078 0.0345194 0.0364063
0 0.652924 0.341578 0.611738 0.629219
0 0.185992 0.241633 0.0730061 0.113672
0 0.15001 0.225945 0.0492638 0.132547
0 0.429683 0.218281 0.026319 0.0464375
1 0.24684 0.247883 0.0169121 0.0253594
1 0.276892 0.233781 0.0295706 0.038625
0 0.626953 0.231445 0.0207771 0.0677656
0 0.991472 0.203008 0.0109202 0.0250156
0 0.668231 0.288477 0.0591616 0.0925469
0 0.510031 0.239539 0.0324131 0.0589219
1 0.309376 0.231797 0.0371984 0.0430625
1 0.417454 0.238914 0.0606748 0.0410156
0 0.544479 0.210266 0.027771 0.036125
