0 0.0926953 0.549167 0.185391 0.501125
0 0.898594 0.651687 0.202813 0.696625
0 0.209875 0.464646 0.106656 0.351667
0 0.313023 0.321677 0.0983594 0.121063
0 0.792977 0.640458 0.176953 0.633708
0 0.518344 0.384396 0.230781 0.3155
0 0.422187 0.319104 0.170219 0.18875
0 0.739023 0.317573 0.113172 0.141896
0 0.630016 0.441167 0.223563 0.406083
0 0.0818047 0.907635 0.163609 0.184729
0 0.261891 0.378385 0.127125 0.244146
0 0.0858594 0.36099 0.129781 0.276146
0 0.455281 0.355344 0.100687 0.0589375
