6 0.510508 0.586148 0.289359 0.539321
0 0.100547 0.717037 0.07 0.318618
0 0.176297 0.731335 0.0585938 0.272225
0 0.680945 0.713396 0.0733594 0.34178
0 0.487617 0.711721 0.0826406 0.353607
0 0.935188 0.715234 0.025625 0.0928571
0 0.829336 0.730667 0.0695469 0.329063
0 0.232258 0.755316 0.0229531 0.121311
0 0.301953 0.719965 0.06775 0.313513
0 0.255594 0.736288 0.0347812 0.17918
0 0.220078 0.631686 0.0301875 0.0772834
0 0.240695 0.676944 0.00870313 0.0166979
0 0.149906 0.719075 0.0468125 0.305129
0 0.8885 0.731335 0.0539063 0.298126
