0 0.486242 0.534895 0.168484 0.342266
0 0.635461 0.587383 0.0845781 0.212009
0 0.75932 0.432979 0.100234 0.158715
0 0.275844 0.458224 0.0575937 0.30486
0 0.354984 0.439673 0.0554687 0.198364
0 0.877539 0.437874 0.0553906 0.185981
0 0.219594 0.505853 0.0899688 0.368621
0 0.389164 0.5409 0.0798281 0.238715
0 0.548867 0.500444 0.0929531 0.285234
0 0.794703 0.393808 0.0606563 0.138692
0 0.297758 0.442348 0.0397031 0.24007
0 0.769813 0.557582 0.0985938 0.178061
0 0.974234 0.386624 0.0365313 0.131238
