0 0.93124 0.835078 0.137521 0.329844
0 0.888885 0.794117 0.153229 0.328797
0 0.242938 0.561984 0.124792 0.136656
0 0.73299 0.669109 0.153604 0.260125
0 0.622979 0.595805 0.0960833 0.163172
0 0.619958 0.475352 0.0532917 0.0842344
0 0.544167 0.507234 0.0629167 0.079375
0 0.42826 0.465797 0.0955208 0.129719
0 0.302562 0.441219 0.0418333 0.0302812
0 0.097375 0.761797 0.19475 0.449437
0 0.227969 0.642383 0.232437 0.293391
0 0.103542 0.500414 0.207083 0.210109
0 0.59075 0.534156 0.06725 0.1055
