0 0.353195 0.609918 0.240547 0.735808
0 0.568227 0.565164 0.233891 0.658431
0 0.635516 0.370316 0.0911875 0.121335
0 0.827594 0.498501 0.344813 0.970773
0 0.156203 0.52055 0.312406 0.898103
0 0.241391 0.546066 0.116937 0.494379
0 0.899398 0.528747 0.0810156 0.294684
0 0.93882 0.44904 0.0665781 0.135222
0 0.330992 0.197646 0.0420781 0.117541
0 0.400664 0.22603 0.0407031 0.0596019
0 0.632297 0.580445 0.138656 0.523607
0 0.70343 0.53308 0.0517656 0.277447
0 0.420914 0.578033 0.0766406 0.31452
