0 0.798102 0.661648 0.0948827 0.209734
0 0.309104 0.670945 0.0743284 0.125328
0 0.659584 0.681375 0.0407463 0.0899062
0 0.586706 0.646633 0.0272708 0.0645156
0 0.37661 0.648484 0.0699787 0.123562
0 0.462431 0.625609 0.0254158 0.042125
0 0.888966 0.638375 0.0306397 0.0779375
0 0.222463 0.669727 0.0331557 0.0321406
0 0.617143 0.634969 0.0264392 0.0561875
0 0.742527 0.634781 0.0380597 0.0765
0 0.0820896 0.648406 0.0442644 0.089875
0 0.0188593 0.663266 0.0239019 0.0614375
0 0.342697 0.687453 0.0333262 0.0858437
