0 0.126578 0.875396 0.0308437 0.124583
0 0.165187 0.865667 0.049125 0.110083
0 0.313008 0.833365 0.0411406 0.104729
0 0.366859 0.787677 0.0305312 0.0361042
0 0.374133 0.86399 0.0478906 0.0693958
0 0.921641 0.511885 0.0256563 0.105188
0 0.898984 0.510625 0.0206563 0.1045
0 0.365336 0.830365 0.0356406 0.0961875
0 0.223156 0.854156 0.0409062 0.122229
0 0.200617 0.80976 0.0206719 0.0596458
0 0.426359 0.861083 0.0389688 0.0538333
0 0.454469 0.864229 0.0258125 0.0247083
0 0.279992 0.907917 0.0398594 0.0590417
