5 0.749641 0.208797 0.359125 0.417593
0 0.340695 0.697944 0.0511719 0.198925
0 0.284883 0.662114 0.0282969 0.116706
0 0.255977 0.675736 0.0392969 0.116846
0 0.51675 0.678657 0.03225 0.148201
0 0.483375 0.688785 0.0339375 0.137477
0 0.452602 0.677582 0.0328906 0.124042
0 0.774055 0.685713 0.0362031 0.129089
0 0.827062 0.703178 0.0571875 0.233131
0 0.62275 0.663189 0.0271562 0.121799
0 0.646383 0.673096 0.0347031 0.136051
0 0.186836 0.67465 0.0317344 0.125841
0 0.668086 0.653762 0.0183594 0.0947196
