0 0.205555 0.649494 0.0912969 0.231563
0 0.292359 0.551241 0.0318125 0.101195
0 0.101602 0.528998 0.0359531 0.0554963
0 0.145914 0.659467 0.0633906 0.225184
0 0.117266 0.609642 0.0378437 0.14557
0 0.311953 0.619623 0.0442188 0.0800184
0 0.371 0.595064 0.031125 0.115386
0 0.266484 0.538437 0.0232812 0.0698897
0 0.161758 0.531296 0.0209844 0.0642463
0 0.0749766 0.626388 0.0487656 0.0518199
0 0.0370078 0.568226 0.0193281 0.0263051
0 0.192836 0.520064 0.0219844 0.0396875
0 0.138 0.525414 0.0347187 0.0580699
