0 0.459555 0.703907 0.162141 0.376469
0 0.301242 0.702882 0.104203 0.23738
0 0.279734 0.427665 0.0928125 0.238155
0 0.229422 0.760125 0.205469 0.466219
0 0.613219 0.623531 0.125312 0.237859
0 0.410258 0.646401 0.119109 0.207836
0 0.862656 0.600888 0.202969 0.19959
0 0.576625 0.580456 0.0732187 0.183508
0 0.270023 0.623371 0.0536719 0.180957
0 0.133539 0.465569 0.0145781 0.0490888
0 0.934141 0.440979 0.0118125 0.0742141
0 0.867836 0.440535 0.0120781 0.0616173
0 0.86957 0.559989 0.0810156 0.147631
