2 0.456225 0.197337 0.165817 0.109346
0 0.429518 0.514175 0.168317 0.213317
0 0.564436 0.512263 0.101618 0.148448
0 0.674559 0.527574 0.135686 0.170703
0 0.79094 0.501936 0.128382 0.167304
0 0.495923 0.240882 0.054232 0.0813399
2 0.722631 0.196757 0.159118 0.146814
2 0.591928 0.193603 0.0470261 0.0473693
0 0.827426 0.374624 0.119722 0.29098
0 0.750891 0.310596 0.0896569 0.124101
0 0.63009 0.152892 0.0448203 0.102092
0 0.29634 0.258521 0.0567974 0.0989706
0 0.357328 0.244355 0.0273039 0.0390033
0 0.532998 0.350351 0.0856046 0.272533
0 0.182574 0.515801 0.252859 0.689902
2 0.490572 0.118987 0.095098 0.0355556
