0 0.18907 0.955433 0.0425469 0.0876347
0 0.952969 0.949403 0.0450938 0.101194
0 0.395391 0.983314 0.0371875 0.0333724
0 0.449148 0.956569 0.0301094 0.0868618
0 0.498281 0.945304 0.0391875 0.109391
0 0.666828 0.915457 0.0159063 0.0655738
0 0.816641 0.934567 0.015 0.0786417
0 0.36968 0.870609 0.0144844 0.0387354
0 0.454023 0.855972 0.00817188 0.0337705
0 0.708414 0.939766 0.0344844 0.0876347
0 0.5675 0.921569 0.019 0.0369555
0 0.633469 0.934005 0.019 0.0662763
0 0.775141 0.977084 0.0543125 0.0458314
