1 0.0564219 0.640222 0.0532188 0.105644
1 0.765313 0.649016 0.0614375 0.120749
1 0.947117 0.63048 0.0114531 0.0659251
0 0.547992 0.527412 0.223391 0.615714
0 0.281523 0.574532 0.0191094 0.104473
0 0.265492 0.569637 0.0115156 0.0744028
0 0.617242 0.606452 0.0254219 0.0739344
0 0.766258 0.598407 0.0522969 0.127073
0 0.812977 0.603958 0.0497344 0.217002
0 0.871547 0.600422 0.0512813 0.229742
0 0.0455313 0.562553 0.02625 0.0901639
0 0.430844 0.602002 0.0391562 0.0713583
0 0.678836 0.596569 0.0206719 0.0786651
0 0.0728984 0.564075 0.0204844 0.0517564
0 0.948047 0.59952 0.0309063 0.114169
0 0.221797 0.567681 0.0196875 0.081733
1 0.838055 0.631148 0.0272344 0.0955504
