0 0.457 0.120698 0.0310312 0.0983125
0 0.366805 0.131552 0.0121094 0.0561458
0 0.502578 0.120802 0.017375 0.0365208
0 0.873875 0.120229 0.0219062 0.092125
0 0.586969 0.131875 0.0235 0.034875
0 0.673156 0.118073 0.0310937 0.0832708
0 0.897047 0.122646 0.026375 0.0749583
0 0.536883 0.126646 0.0229844 0.0641667
0 0.691727 0.115198 0.0124844 0.0694375
0 0.711664 0.0997187 0.0127656 0.0574375
0 0.647281 0.135823 0.0165937 0.0224375
0 0.276141 0.303094 0.23 0.463813
0 0.777289 0.17276 0.0781094 0.0327292
