2 0.297328 0.62992 0.212781 0.0811245
2 0.979938 0.641376 0.040125 0.0516667
3 0.369055 0.800412 0.372078 0.287329
3 0.594039 0.812219 0.0936094 0.158454
2 0.687594 0.619588 0.0766875 0.0339558
0 0.927914 0.712962 0.0738281 0.281707
0 0.894961 0.683112 0.0379844 0.241767
0 0.631203 0.633655 0.0497187 0.134859
0 0.457789 0.71241 0.0602344 0.176426
0 0.578367 0.632751 0.0612656 0.147791
0 0.365414 0.783283 0.158578 0.351225
0 0.512891 0.673213 0.0704687 0.129317
0 0.148953 0.61005 0.0586563 0.205402
2 0.716352 0.61503 0.141109 0.0419478
0 0.598211 0.644498 0.0458281 0.110763
0 0.0520078 0.658052 0.0498281 0.167791
0 0.730648 0.692731 0.0666406 0.20494
0 0.332398 0.533675 0.0377969 0.0689558
2 0.677078 0.633976 0.0558438 0.0414458
2 0.831023 0.675994 0.129109 0.213032
3 0.44918 0.766616 0.304422 0.250341
3 0.613109 0.796365 0.0840625 0.140683
0 0.238758 0.487239 0.0304531 0.0747992
