2 0.0805391 0.294302 0.0385781 0.0397708
0 0.369094 0.324323 0.0625 0.128396
0 0.673289 0.43926 0.0368281 0.164813
0 0.774195 0.320344 0.0580781 0.138104
0 0.139406 0.319979 0.0676875 0.126042
0 0.101813 0.329479 0.0301563 0.112708
0 0.835117 0.348323 0.0657344 0.215729
0 0.743258 0.452813 0.131453 0.366292
0 0.273547 0.287958 0.0268437 0.0455833
2 0.173617 0.399802 0.345547 0.171521
0 0.951203 0.327844 0.0975938 0.264688
0 0.805648 0.301854 0.0217969 0.08225
0 0.119289 0.287667 0.0125781 0.0412083
0 0.485688 0.568813 0.605438 0.860375
0 0.246445 0.292708 0.0268906 0.0332917
