0 0.428398 0.423127 0.147609 0.334908
0 0.250227 0.372665 0.123859 0.427968
0 0.621039 0.314499 0.0413594 0.115383
0 0.66 0.308694 0.0618437 0.124406
0 0.651242 0.0676649 0.0225469 0.0374406
0 0.217406 0.237361 0.0299375 0.0505541
0 0.692734 0.30281 0.0331562 0.115224
0 0.546281 0.356187 0.115781 0.424723
0 0.311805 0.337032 0.0542656 0.144565
0 0.716883 0.150594 0.0296719 0.0418206
0 0.875563 0.292507 0.0235 0.108127
0 0.350359 0.322889 0.0421875 0.121979
0 0.456836 0.294842 0.0394219 0.0574934
