0 0.328758 0.599624 0.215453 0.462394
0 0.718219 0.500563 0.0901563 0.203146
0 0.603273 0.469026 0.0286094 0.0421362
0 0.678297 0.394061 0.06225 0.129484
0 0.892547 0.194836 0.0554687 0.101737
0 0.947211 0.319413 0.0636719 0.0938498
0 0.54675 0.0277817 0.0535312 0.0526526
0 0.611625 0.400446 0.072875 0.130751
0 0.758953 0.391185 0.0826875 0.126925
0 0.876 0.392007 0.0642188 0.125047
0 0.939508 0.394765 0.0567031 0.118545
0 0.813195 0.244378 0.0514531 0.0988028
0 0.813039 0.319519 0.0539219 0.112559
