1 0.719648 0.792342 0.105016 0.180515
0 0.357164 0.810105 0.153641 0.313747
0 0.571656 0.685527 0.0673438 0.269133
0 0.237672 0.781944 0.0894687 0.216628
0 0.162586 0.73589 0.0864531 0.194356
0 0.536836 0.642658 0.0619219 0.200632
0 0.484344 0.675386 0.0510938 0.218454
0 0.444992 0.611756 0.0373281 0.103419
0 0.384453 0.610094 0.0688125 0.132272
0 0.397062 0.741768 0.067625 0.141756
1 0.549945 0.733864 0.0480469 0.170117
1 0.789477 0.743618 0.0810781 0.126909
1 0.700469 0.745714 0.0821875 0.137049
0 0.0427969 0.734333 0.0815625 0.149883
0 0.472258 0.591347 0.0252969 0.058993
0 0.759961 0.647026 0.0637344 0.145199
0 0.823875 0.638642 0.0529687 0.136066
1 0.920742 0.796909 0.158516 0.235176
