3 0.18007 0.54783 0.162172 0.479052
3 0.786719 0.596421 0.252875 0.569501
3 0.335523 0.438167 0.180609 0.291746
3 0.92232 0.393953 0.120547 0.272943
0 0.449352 0.379289 0.0632969 0.196983
0 0.927984 0.364227 0.144031 0.312943
0 0.693438 0.520224 0.153469 0.604489
0 0.307617 0.415524 0.121484 0.355835
0 0.353852 0.3698 0.0485156 0.251671
0 0.529609 0.373978 0.0742812 0.168853
0 0.473031 0.279451 0.0493437 0.139701
0 0.503391 0.268317 0.0399062 0.162519
0 0.788148 0.249539 0.0324531 0.0787781
0 0.443523 0.250561 0.0337969 0.105611
0 0.875062 0.239227 0.0262812 0.0690773
0 0.808359 0.254464 0.0287813 0.108678
0 0.182258 0.449102 0.202641 0.452918
