0 0.621719 0.854229 0.0862187 0.290047
0 0.47543 0.818376 0.0628906 0.295304
0 0.432641 0.832932 0.06675 0.327079
0 0.918109 0.901986 0.0332812 0.0767757
0 0.187195 0.749007 0.0375469 0.0961449
0 0.125953 0.825654 0.10775 0.348692
0 0.69057 0.833248 0.0598594 0.23229
0 0.648469 0.788423 0.0304687 0.172593
0 0.848695 0.889556 0.0635469 0.12229
0 0.403508 0.84382 0.0736406 0.307874
0 0.550031 0.810117 0.066125 0.348318
0 0.954172 0.818306 0.029 0.117453
0 0.852352 0.73611 0.0242969 0.0857243
