0 0.424773 0.745921 0.260516 0.260193
0 0.403914 0.722719 0.183234 0.210278
0 0.388516 0.648287 0.0659687 0.131777
0 0.31425 0.620835 0.029875 0.0987152
0 0.150938 0.685964 0.0546875 0.0928266
0 0.193586 0.681338 0.0353906 0.0776231
0 0.0952422 0.696831 0.0543594 0.0850535
0 0.767227 0.659507 0.0694531 0.108779
0 0.0526641 0.642677 0.0310469 0.0947752
0 0.837648 0.659914 0.0642031 0.0704925
0 0.906117 0.653116 0.0328281 0.0764668
0 0.671453 0.752559 0.087375 0.177537
0 0.104391 0.628833 0.017 0.0540685
