0 0.469847 0.631328 0.0171616 0.0275938
0 0.493679 0.616289 0.0269214 0.0613281
0 0.42155 0.616555 0.0406987 0.0542344
0 0.327849 0.729719 0.129672 0.336187
0 0.510884 0.631047 0.0124672 0.033625
0 0.564236 0.630117 0.0223144 0.0355156
0 0.793155 0.696273 0.0386681 0.0452969
0 0.774651 0.638852 0.0366812 0.0393906
0 0.815906 0.642383 0.0172707 0.0183594
0 0.263657 0.727406 0.0728166 0.272688
0 0.745448 0.691188 0.0412009 0.0384375
0 0.800186 0.642383 0.0145633 0.0137031
0 0.138166 0.683844 0.0512227 0.0366563
