0 0.265898 0.69689 0.0372969 0.130728
0 0.388477 0.703228 0.0281719 0.135469
0 0.560922 0.825845 0.0688125 0.101127
0 0.815453 0.711608 0.042875 0.100446
0 0.663523 0.659495 0.0239219 0.0876291
0 0.693055 0.669343 0.0209844 0.0532394
0 0.981617 0.694178 0.0260781 0.0302347
0 0.87718 0.68169 0.0306094 0.0442723
0 0.31193 0.777007 0.0481094 0.0632629
0 0.210492 0.659683 0.0254531 0.0614319
0 0.725641 0.687934 0.0224688 0.105023
0 0.949172 0.76304 0.0514375 0.0800704
0 0.352227 0.681009 0.0510781 0.0267606
