0 0.834063 0.213633 0.0170625 0.028643
0 0.876313 0.22239 0.0193437 0.0478288
0 0.664977 0.196086 0.00764062 0.0252818
0 0.0255156 0.207025 0.0135625 0.00958246
0 0.267367 0.184509 0.00845313 0.0180793
0 0.651656 0.197923 0.0104063 0.0255741
0 0.658805 0.202599 0.00601563 0.0130898
0 0.935477 0.209864 0.0107031 0.0313361
0 0.189922 0.19691 0.0186875 0.0304384
0 0.581906 0.198121 0.00840625 0.0275574
0 0.964188 0.200898 0.00653125 0.0202923
0 0.677258 0.195188 0.00807813 0.0247808
0 0.181977 0.195804 0.00842187 0.04
