1 0.86057 0.464707 0.0550781 0.0815258
1 0.430211 0.444894 0.0573281 0.111197
1 0.114125 0.46223 0.104969 0.0959624
0 0.772062 0.433568 0.104937 0.247746
0 0.705477 0.512477 0.0809531 0.402465
0 0.606102 0.400681 0.0692031 0.243756
0 0.240609 0.576573 0.226375 0.824319
0 0.491461 0.502371 0.103047 0.226808
0 0.501578 0.554261 0.225906 0.320305
0 0.828945 0.431021 0.0272031 0.15284
0 0.930461 0.437312 0.0476094 0.161291
0 0.974352 0.401197 0.0206719 0.0915962
0 0.810016 0.386984 0.0192812 0.0727934
0 0.903922 0.432312 0.0299687 0.156408
1 0.968469 0.481408 0.0240313 0.0610798
1 0.376586 0.462418 0.0402969 0.0683099
