0 0.252906 0.389648 0.133031 0.343099
0 0.506414 0.408533 0.112109 0.35439
0 0.641109 0.401138 0.086875 0.159413
0 0.58525 0.491432 0.106125 0.341221
0 0.670109 0.706737 0.347031 0.564038
0 0.257641 0.732946 0.277219 0.515282
0 0.947211 0.338908 0.0840156 0.309695
0 0.477508 0.703873 0.191422 0.390282
0 0.334313 0.605047 0.109187 0.382019
0 0.64543 0.270786 0.175016 0.343826
0 0.73343 0.552758 0.127078 0.441056
0 0.385469 0.27939 0.130656 0.389484
0 0.414984 0.565646 0.09675 0.332606
