0 0.399906 0.544177 0.074375 0.302562
0 0.679531 0.499094 0.0805312 0.241604
0 0.437602 0.402812 0.0398594 0.0850417
0 0.855336 0.501125 0.0927031 0.238208
0 0.524484 0.366896 0.0278438 0.11025
0 0.601117 0.339052 0.0208281 0.0763542
0 0.638234 0.387885 0.0264062 0.0870625
0 0.479281 0.367125 0.023 0.110125
0 0.619383 0.266729 0.0185469 0.0539167
0 0.551367 0.337573 0.0209219 0.0711042
0 0.596016 0.282719 0.0130938 0.0365208
0 0.592742 0.263677 0.0195469 0.0288542
2 0.776523 0.270062 0.0418281 0.045125
0 0.410617 0.372354 0.0210469 0.0728333
