2 0.0377266 0.541004 0.0737344 0.0597071
2 0.872398 0.539446 0.0377969 0.0268828
2 0.928055 0.555879 0.0572031 0.0587866
2 0.879859 0.539812 0.0444688 0.0378661
2 0.903711 0.529142 0.0251094 0.0249372
2 0.910852 0.514686 0.0267656 0.0237238
2 0.952047 0.517165 0.0218438 0.0226569
6 0.525672 0.583337 0.785562 0.520272
2 0.849258 0.51499 0.0230469 0.023159
2 0.970922 0.542866 0.050125 0.0503347
6 0.0368672 0.542008 0.0737344 0.0570711
2 0.838945 0.524184 0.0217031 0.0195816
6 0.950375 0.504843 0.079125 0.0372594
