0 0.0850703 0.509279 0.153422 0.576152
0 0.0861875 0.442415 0.073875 0.258978
0 0.18293 0.489719 0.0928281 0.344409
0 0.279398 0.41497 0.0977969 0.238116
0 0.249391 0.354208 0.029875 0.107295
0 0.375367 0.387144 0.0864531 0.216012
0 0.461352 0.373517 0.0971094 0.239419
0 0.572352 0.493758 0.148609 0.303828
0 0.526898 0.336563 0.0531719 0.0993387
0 0.583664 0.321293 0.0676094 0.076012
0 0.666398 0.308928 0.0572344 0.0899198
0 0.796773 0.321643 0.0388906 0.0919439
0 0.715086 0.350882 0.0499219 0.201844
