2 0.23531 0.698649 0.37514 0.443904
2 0.43102 0.638198 0.2664 0.368529
2 0.37344 0.417883 0.06928 0.0834535
2 0.19466 0.433904 0.097 0.105285
2 0.58277 0.436441 0.0433 0.0857958
3 0.64061 0.659069 0.18218 0.372192
3 0.23525 0.395766 0.0187 0.047027
4 0.81716 0.407868 0.2604 0.37976
0 0.61294 0.562072 0.09728 0.365706
0 0.46458 0.526261 0.04476 0.0688589
6 0.05313 0.561727 0.10626 0.55955
2 0.18988 0.360721 0.01656 0.0278679
2 0.12616 0.40548 0.08992 0.182853
2 0.55371 0.422898 0.06038 0.0740841
0 0.65402 0.626321 0.19476 0.442432
0 0.97095 0.468799 0.04194 0.210631
