0 0.319078 0.577646 0.0960938 0.339696
0 0.786648 0.692576 0.163797 0.576581
0 0.564258 0.576581 0.100672 0.362623
0 0.839492 0.447611 0.0309531 0.0983607
0 0.921016 0.464883 0.0331562 0.126721
0 0.441469 0.553103 0.078625 0.316511
0 0.197273 0.629848 0.0808594 0.506159
0 0.0449766 0.63034 0.0869531 0.716838
0 0.0391406 0.427857 0.03525 0.14185
0 0.234336 0.455632 0.0345781 0.135667
0 0.611062 0.436686 0.0475 0.0974005
0 0.0764688 0.421183 0.0265937 0.146159
0 0.886203 0.453607 0.03175 0.108009
