0 0.368547 0.553594 0.267656 0.820396
0 0.601859 0.525396 0.137125 0.735875
0 0.946484 0.141104 0.0396875 0.0819583
0 0.798977 0.128177 0.0297969 0.0558125
0 0.721164 0.128781 0.0236094 0.0511875
0 0.42725 0.124719 0.0320312 0.0606875
0 0.30307 0.114177 0.0305469 0.0348125
0 0.259961 0.142688 0.0198906 0.0565417
0 0.24268 0.118667 0.0164531 0.03525
0 0.900688 0.132646 0.0542813 0.0694583
0 0.971453 0.175063 0.035125 0.100042
0 0.227758 0.110167 0.0154844 0.0306667
0 0.381539 0.123646 0.0356094 0.0494167
6 0.0721641 0.0656979 0.143516 0.0874375
