0 0.532516 0.688571 0.133531 0.508525
0 0.259227 0.363115 0.0150469 0.0447775
0 0.785242 0.409707 0.0534219 0.194215
0 0.207641 0.487529 0.067875 0.330234
0 0.359203 0.45767 0.0564063 0.172951
0 0.0209141 0.46096 0.0378906 0.171007
0 0.0469219 0.462646 0.0202813 0.113208
0 0.598094 0.419895 0.0443438 0.129063
0 0.393875 0.353911 0.0103125 0.0158782
0 0.255695 0.499941 0.0567344 0.214075
0 0.0502187 0.925574 0.0985313 0.148852
0 0.141703 0.54185 0.0949062 0.322155
0 0.218266 0.461756 0.0213438 0.119578
