0 0.0788672 0.290773 0.0537344 0.150585
0 0.871187 0.461546 0.071125 0.210304
0 0.283758 0.22541 0.0297969 0.0676347
0 0.370852 0.1963 0.0486406 0.071897
0 0.649422 0.258525 0.045875 0.055082
0 0.913586 0.459614 0.0647344 0.159742
0 0.485391 0.243817 0.0480938 0.0728806
0 0.692539 0.160527 0.0389844 0.0744496
0 0.774234 0.258255 0.0355625 0.0603044
0 0.148023 0.599239 0.100203 0.255293
0 0.40207 0.177365 0.0358906 0.0958548
0 0.697266 0.263747 0.0481875 0.0514754
0 0.814766 0.254941 0.047 0.0687588
