0 0.613732 0.756648 0.03 0.0383906
0 0.512171 0.776188 0.0319484 0.0580625
0 0.706714 0.812117 0.0735681 0.151578
0 0.775939 0.810984 0.0623474 0.154281
0 0.860258 0.841891 0.0884977 0.228625
0 0.648275 0.816398 0.0611972 0.139797
0 0.473826 0.858008 0.104131 0.193516
0 0.341491 0.705734 0.0332629 0.0348437
0 0.286326 0.808797 0.0766432 0.134469
0 0.146631 0.872773 0.242793 0.254453
0 0.583803 0.841195 0.101972 0.195422
0 0.500164 0.768758 0.0277465 0.0404844
0 0.305599 0.707945 0.0311972 0.0259219
