0 0.848094 0.725352 0.189469 0.220892
0 0.857062 0.64507 0.141219 0.156526
0 0.95132 0.474272 0.0973594 0.133239
0 0.918461 0.477746 0.0722656 0.0780751
0 0.777656 0.738263 0.082625 0.113615
0 0.718328 0.8675 0.0927813 0.120681
0 0.677266 0.919613 0.10125 0.132324
0 0.650594 0.953662 0.140031 0.0897183
0 0.742547 0.745458 0.031 0.0420423
0 0.812445 0.718063 0.0442344 0.0565023
0 0.975734 0.353768 0.0485312 0.0763146
0 0.913578 0.61507 0.172844 0.263474
0 0.962352 0.390141 0.0750156 0.0896714
