0 0.612852 0.5 0.328016 1.0
0 0.312219 0.373665 0.163719 0.668642
0 0.187977 0.3626 0.111797 0.494614
0 0.142008 0.369403 0.0644844 0.415433
0 0.822648 0.374941 0.126766 0.641686
0 0.332461 0.309742 0.124641 0.510585
0 0.87457 0.113817 0.0320781 0.121311
0 0.0570859 0.362213 0.0504844 0.250656
0 0.100117 0.372096 0.0374531 0.257447
0 0.0320234 0.372717 0.0640469 0.414098
0 0.248539 0.416183 0.0424844 0.172412
0 0.457109 0.408829 0.017 0.0869789
0 0.0723672 0.4076 0.0249844 0.110281
