2 0.0512578 0.616889 0.0402656 0.0733612
2 0.0189766 0.613027 0.0379531 0.0780376
4 0.324266 0.522787 0.510125 0.493048
4 0.684531 0.52023 0.195094 0.325846
4 0.801414 0.529207 0.0622344 0.213486
4 0.89825 0.534374 0.0750625 0.188163
0 0.464891 0.649165 0.0474062 0.142797
0 0.707867 0.649645 0.0257969 0.0387891
0 0.688164 0.628497 0.0591094 0.0956159
0 0.757641 0.616096 0.0514375 0.0950313
0 0.832109 0.601754 0.0270312 0.080501
0 0.848945 0.602056 0.0267969 0.0761378
0 0.920594 0.595094 0.0312187 0.0562004
0 0.506766 0.649541 0.0415312 0.121336
0 0.699422 0.621827 0.0340937 0.0973069
0 0.882664 0.6012 0.0355781 0.0650731
0 0.744711 0.600856 0.0234219 0.097119
2 0.0329297 0.536305 0.0473594 0.0418789
