2 0.811474 0.73707 0.0570991 0.0448594
2 0.337335 0.751133 0.0614623 0.0283906
2 0.448278 0.730227 0.0350472 0.0154844
0 0.233844 0.764703 0.0418868 0.06325
0 0.188137 0.739219 0.0218396 0.0224375
0 0.172087 0.738805 0.0119104 0.0231406
0 0.153762 0.736914 0.0125708 0.0213906
6 0.867311 0.73257 0.0840094 0.0552031
6 0.367087 0.727156 0.0555425 0.0180312
6 0.398031 0.722094 0.0323349 0.0145625
6 0.289741 0.734102 0.0363679 0.0269531
6 0.592889 0.781586 0.150731 0.105297
6 0.581875 0.723977 0.0369575 0.00845313
2 0.424988 0.73207 0.0144575 0.0149531
0 0.0816509 0.766438 0.0411792 0.07125
2 0.397783 0.731992 0.0396226 0.0185156
