0 0.820703 0.443454 0.0652812 0.260913
0 0.536984 0.636803 0.116813 0.349204
0 0.588797 0.2213 0.042125 0.182974
0 0.674586 0.211358 0.0599531 0.205527
0 0.979844 0.222073 0.0303125 0.134778
0 0.840328 0.161557 0.038625 0.0586183
0 0.473984 0.181698 0.0427812 0.0578689
0 0.363258 0.191569 0.0328281 0.0914754
0 0.90368 0.246768 0.0234844 0.0344731
0 0.331547 0.172681 0.047125 0.120492
0 0.525055 0.108981 0.0612656 0.129766
0 0.391094 0.336077 0.075375 0.213419
0 0.598516 0.157482 0.03175 0.162365
