0 0.417125 0.460329 0.165625 0.704282
0 0.809562 0.310118 0.04925 0.215718
0 0.145953 0.371459 0.0474062 0.210306
0 0.204102 0.354765 0.0323281 0.134188
0 0.476273 0.276341 0.00820313 0.0302353
0 0.570164 0.285165 0.0223281 0.120494
0 0.605172 0.282212 0.027375 0.122682
0 0.635383 0.285776 0.0237031 0.103082
0 0.729969 0.272671 0.0296563 0.120212
0 0.664937 0.276306 0.0317812 0.124753
0 0.706133 0.278518 0.0236406 0.111529
0 0.775477 0.275565 0.0202031 0.109482
0 0.228648 0.337141 0.0361719 0.177812
