0 0.37718 0.54278 0.284172 0.524907
0 0.585914 0.292231 0.0783281 0.377266
0 0.490648 0.341425 0.0993906 0.132617
0 0.287234 0.272839 0.0951562 0.28264
0 0.153625 0.275935 0.089375 0.28472
0 0.936844 0.259836 0.0983125 0.425374
0 0.0999375 0.640082 0.196875 0.341565
0 0.829602 0.309626 0.0862656 0.30986
0 0.655195 0.287161 0.0903594 0.378388
0 0.731633 0.25361 0.0766094 0.261986
0 0.0354297 0.195175 0.0708594 0.253481
0 0.780609 0.156203 0.0649687 0.2125
0 0.419328 0.208014 0.129906 0.137617
