0 0.290484 0.378676 0.087375 0.197965
0 0.443922 0.180339 0.0440938 0.055733
0 0.662719 0.61686 0.15725 0.249431
0 0.716539 0.128676 0.0361719 0.069256
0 0.837313 0.127112 0.0397188 0.0715098
0 0.43807 0.328096 0.0994844 0.175274
0 0.0574766 0.392462 0.0856406 0.201904
0 0.530953 0.185777 0.0455625 0.0627133
0 0.263234 0.164891 0.0457813 0.0626477
0 0.297648 0.170263 0.0372031 0.0537418
0 0.779055 0.20674 0.0401094 0.0539168
0 0.356555 0.149869 0.0510469 0.105252
0 0.412227 0.112932 0.0468594 0.142144
