0 0.600125 0.76024 0.0762812 0.207354
0 0.69207 0.775604 0.0902656 0.254083
0 0.69493 0.602521 0.0810156 0.180292
0 0.821164 0.556677 0.102609 0.212396
0 0.618797 0.560802 0.0572187 0.237687
0 0.520312 0.265021 0.0450625 0.20725
0 0.0691016 0.196625 0.0775156 0.191
0 0.39775 0.435948 0.0674063 0.215729
0 0.248375 0.255635 0.0572187 0.195646
0 0.291 0.300281 0.0696875 0.204437
0 0.321273 0.238479 0.0653594 0.19175
0 0.162297 0.193323 0.0514687 0.184854
0 0.481187 0.250719 0.052 0.208021
