0 0.804234 0.573326 0.0339375 0.0545199
0 0.980227 0.69267 0.0358594 0.0451054
0 0.985313 0.739918 0.0292187 0.0416159
6 0.50818 0.574075 0.164672 0.245152
2 0.374453 0.593173 0.102688 0.147611
2 0.463266 0.721101 0.115219 0.152646
2 0.574688 0.517049 0.108813 0.118595
2 0.807359 0.697576 0.119344 0.15445
2 0.691367 0.611768 0.104422 0.124239
0 0.418328 0.340258 0.00975 0.0310539
0 0.926148 0.673923 0.0360469 0.0409133
2 0.919977 0.807541 0.0807031 0.122998
2 0.933953 0.943162 0.104906 0.113677
2 0.368375 0.366323 0.0598437 0.0601874
2 0.483211 0.4463 0.0792031 0.0757377
2 0.400125 0.463501 0.0742812 0.0954333
2 0.735227 0.956698 0.146453 0.0866042
2 0.589797 0.857916 0.158875 0.201171
2 0.314977 0.513747 0.0652344 0.100187
