0 0.56147 0.61776 0.03574 0.08576
0 0.74327 0.64716 0.04802 0.146373
0 0.21325 0.724293 0.06662 0.263147
0 0.3314 0.71364 0.07188 0.252347
0 0.16147 0.732867 0.07566 0.313627
0 0.24628 0.724667 0.0566 0.261493
0 0.44815 0.763493 0.07654 0.142453
0 0.0581 0.73636 0.08584 0.29832
0 0.48367 0.608613 0.02886 0.107307
0 0.58558 0.657693 0.03 0.137093
0 0.11259 0.649173 0.03726 0.1296
0 0.28257 0.680507 0.04974 0.154827
2 0.44955 0.48848 0.07046 0.0626133
2 0.80476 0.513933 0.06584 0.0505333
2 0.5067 0.5086 0.05892 0.05608
2 0.77905 0.555453 0.04582 0.0553867
2 0.727 0.54036 0.06544 0.0685067
2 0.64817 0.496453 0.0609 0.0425067
0 0.28526 0.602067 0.03164 0.0513867
2 0.73468 0.476947 0.02572 0.03832
2 0.95493 0.553693 0.08734 0.02488
