0 0.25318 0.50196 0.178797 0.744906
0 0.373016 0.666878 0.114656 0.577183
0 0.423305 0.56223 0.170516 0.550563
3 0.518437 0.649237 0.0505625 0.0564085
0 0.264117 0.665751 0.0332031 0.125211
0 0.185945 0.684272 0.0346094 0.0820188
0 0.791016 0.596514 0.0885625 0.365939
0 0.131812 0.668592 0.0120938 0.0207512
0 0.704961 0.602136 0.105734 0.346948
0 0.813422 0.589143 0.0120625 0.0425587
0 0.0895937 0.685669 0.0195 0.0380986
0 0.153016 0.691702 0.0203125 0.0707746
0 0.926891 0.580869 0.00721875 0.0261502
0 0.247047 0.623897 0.00765625 0.0299061
