0 0.406055 0.08341 0.133484 0.16682
0 0.781453 0.12386 0.145844 0.234693
0 0.250992 0.106523 0.190891 0.213046
0 0.526953 0.0773563 0.0829688 0.124215
0 0.524508 0.204215 0.0917031 0.170766
0 0.798219 0.519186 0.30975 0.633544
0 0.432484 0.552366 0.315594 0.721092
0 0.251586 0.800393 0.474953 0.399215
0 0.123539 0.196197 0.175516 0.217146
0 0.887266 0.161111 0.0815937 0.184559
0 0.0503359 0.138975 0.0887656 0.217682
0 0.579625 0.170642 0.0810625 0.236533
0 0.680836 0.617002 0.296328 0.480632
