2 0.928031 0.865082 0.140813 0.269836
2 0.0515859 0.648958 0.100953 0.0808665
4 0.552492 0.586136 0.886078 0.485386
0 0.529438 0.398384 0.0419375 0.0671194
0 0.497945 0.410492 0.0239844 0.0355035
0 0.477 0.408407 0.0252812 0.0455738
0 0.873156 0.384122 0.0234062 0.042904
0 0.174102 0.603899 0.0368594 0.0516862
0 0.418102 0.424426 0.0198281 0.0304918
0 0.922547 0.364789 0.0382188 0.0707494
6 0.0510391 0.648372 0.101172 0.0851756
0 0.456234 0.425726 0.0135 0.0153396
0 0.627508 0.393817 0.0129219 0.0082904
0 0.259742 0.396066 0.0272969 0.0647307
0 0.949367 0.379204 0.0171719 0.0401874
0 0.466352 0.403056 0.0119219 0.0165574
0 0.325398 0.423478 0.0156719 0.0218033
