0 0.920055 0.508978 0.151859 0.955063
0 0.148383 0.585802 0.0981406 0.828396
0 0.225109 0.558789 0.108312 0.66066
0 0.289211 0.597657 0.0807344 0.804686
0 0.342141 0.580676 0.0959375 0.810472
0 0.422625 0.577531 0.123937 0.777516
0 0.707391 0.581792 0.117313 0.836415
0 0.597422 0.211352 0.0780937 0.227044
0 0.550234 0.497972 0.122281 0.606258
0 0.642586 0.557296 0.0792656 0.791006
0 0.793883 0.562925 0.142922 0.865157
0 0.481242 0.491997 0.103266 0.862358
0 0.0600156 0.557642 0.117438 0.85195
