2 0.449602 0.492114 0.0274531 0.0304589
2 0.709445 0.490604 0.0230469 0.0202415
0 0.306125 0.570435 0.0376563 0.145894
0 0.274266 0.561643 0.03375 0.141643
0 0.892609 0.582935 0.0651875 0.0740821
0 0.827625 0.596135 0.0231875 0.0588889
2 0.722297 0.485157 0.0190312 0.0186232
2 0.638336 0.499614 0.0183594 0.0211594
2 0.378945 0.499843 0.0174219 0.0234541
0 0.600352 0.495471 0.0130469 0.0539372
4 0.0172812 0.490725 0.0259062 0.0615459
6 0.133125 0.513986 0.0739687 0.0392754
2 0.733797 0.480978 0.0120625 0.00896135
0 0.564117 0.501437 0.0101719 0.033744
