0 0.670547 0.611 0.176 0.186
0 0.429891 0.436594 0.0365625 0.0616458
0 0.42768 0.374208 0.0307344 0.0666667
0 0.991016 0.510958 0.0179687 0.0536667
0 0.407688 0.30174 0.0175937 0.0505625
0 0.205953 0.228156 0.0209063 0.0343542
0 0.327594 0.385792 0.0344062 0.0644167
0 0.227664 0.446083 0.0483906 0.0503333
0 0.518555 0.565177 0.215859 0.288479
0 0.945617 0.455542 0.0499844 0.0787083
0 0.326359 0.44674 0.0458125 0.0501042
0 0.699211 0.486146 0.0370469 0.0459167
0 0.800211 0.578646 0.159828 0.274458
