0 0.322852 0.490723 0.0199531 0.141399
0 0.470727 0.712354 0.218422 0.575291
0 0.70782 0.468392 0.0147031 0.066993
0 0.727547 0.497809 0.0469375 0.113333
0 0.679539 0.477436 0.0111719 0.0237762
0 0.646039 0.47803 0.0192031 0.0562937
0 0.565547 0.474207 0.013125 0.0339161
0 0.542164 0.47352 0.0103906 0.0364103
0 0.603672 0.476317 0.00496875 0.0252214
0 0.896031 0.471107 0.0083125 0.0363869
0 0.856453 0.748753 0.287094 0.502494
0 0.624523 0.476142 0.00570312 0.0357343
0 0.405406 0.528718 0.054 0.140233
