2 0.678229 0.905039 0.177792 0.104734
4 0.379021 0.757305 0.266667 0.292141
4 0.672615 0.544859 0.197938 0.168969
2 0.508781 0.500227 0.0503958 0.0387031
2 0.506948 0.395914 0.0318125 0.0277969
2 0.536115 0.361453 0.0381875 0.0194375
6 0.349521 0.574141 0.084 0.0825937
6 0.483802 0.410773 0.0367292 0.0375469
6 0.574698 0.348328 0.0239792 0.0300938
2 0.962094 0.891422 0.0758125 0.112656
2 0.47849 0.460133 0.0387292 0.0317656
0 0.583281 0.434992 0.0178958 0.0130469
0 0.111354 0.951016 0.04175 0.0757188
0 0.451063 0.386914 0.0149167 0.0140156
2 0.510906 0.217195 0.0070625 0.00264062
