3 0.431047 0.544379 0.280375 0.530351
3 0.853898 0.688279 0.292203 0.358852
0 0.237812 0.247869 0.0544063 0.195691
0 0.445117 0.34678 0.195953 0.333747
0 0.539867 0.260948 0.0856719 0.134871
0 0.699766 0.303829 0.050625 0.143396
0 0.752164 0.388642 0.0708906 0.31007
0 0.902562 0.548314 0.194875 0.426979
0 0.819922 0.353267 0.0714687 0.257494
0 0.873422 0.352119 0.0725 0.245176
0 0.676562 0.220293 0.036875 0.0817096
0 0.68668 0.628525 0.0989531 0.368525
0 0.347789 0.34445 0.0959531 0.411616
0 0.285961 0.329555 0.0663594 0.367822
0 0.0457734 0.288911 0.0759844 0.129906
