0 0.514078 0.467409 0.445188 0.606731
0 0.307172 0.18678 0.0990938 0.373559
0 0.35632 0.0715254 0.0404219 0.143051
0 0.522055 0.219831 0.0760469 0.228717
0 0.583313 0.212785 0.0639375 0.196029
0 0.403477 0.160569 0.0293906 0.15586
0 0.960734 0.365605 0.03625 0.0751816
0 0.894281 0.330351 0.04325 0.0851574
0 0.83975 0.288862 0.0228437 0.0355932
0 0.189602 0.160581 0.0748906 0.0459564
0 0.0206797 0.0489467 0.0109531 0.0493705
0 0.0689609 0.0340436 0.00979688 0.0246973
0 0.215984 0.164068 0.0485 0.0456659
