2 0.354672 0.416038 0.089375 0.0511321
2 0.187922 0.436215 0.119656 0.0598349
2 0.253539 0.433738 0.0471719 0.0605896
2 0.0313281 0.408892 0.0465938 0.0421226
0 0.515383 0.39046 0.130391 0.203278
0 0.63232 0.422547 0.0290781 0.140802
0 0.83957 0.401238 0.0289219 0.0627123
0 0.931289 0.329281 0.0322344 0.138892
0 0.172453 0.420566 0.026875 0.14934
0 0.287836 0.418597 0.0319531 0.146533
0 0.218906 0.424281 0.031 0.146958
0 0.970344 0.322358 0.03825 0.145377
0 0.813203 0.43921 0.0335625 0.154741
0 0.844039 0.466097 0.0549844 0.138561
2 0.432297 0.422193 0.0769688 0.0451415
