0 0.690391 0.805115 0.0149687 0.0496436
0 0.823641 0.78609 0.012625 0.0286164
0 0.0500703 0.824633 0.0158594 0.04
0 0.574055 0.796499 0.00523438 0.0228931
0 0.453117 0.806216 0.00857813 0.027652
0 0.77525 0.787159 0.00603125 0.0146122
0 0.753563 0.79195 0.00459375 0.00901468
0 0.311492 0.804832 0.00642188 0.0219497
0 0.589641 0.795294 0.0063125 0.0249686
0 0.485258 0.811111 0.00845313 0.0290566
0 0.364609 0.809015 0.0128438 0.0244864
0 0.565719 0.796447 0.010375 0.0232914
2 0.10225 0.8163 0.0526563 0.0255136
2 0.543383 0.796908 0.0217031 0.0233333
