0 0.660445 0.6 0.100453 0.566276
0 0.938336 0.433501 0.0792969 0.249578
0 0.18257 0.396393 0.220891 0.585574
0 0.737047 0.436112 0.0509063 0.20445
0 0.448031 0.346417 0.08825 0.208525
0 0.0690859 0.421136 0.0455469 0.163302
0 0.0371484 0.41308 0.0232031 0.107564
0 0.714117 0.405995 0.0233594 0.11452
0 0.778312 0.446311 0.0397813 0.106581
0 0.508414 0.376171 0.0387656 0.100679
0 0.196312 0.414496 0.0369375 0.123466
0 0.835023 0.41719 0.0223281 0.0830445
0 0.807805 0.497658 0.0488281 0.0940515
