0 0.759469 0.604498 0.189656 0.521339
0 0.498477 0.5 0.137641 0.330335
0 0.895648 0.410785 0.0472344 0.0690586
0 0.870617 0.414351 0.0203906 0.0386611
0 0.196188 0.464215 0.02975 0.142866
0 0.159609 0.468243 0.0491562 0.154226
0 0.415617 0.802354 0.279422 0.36705
0 0.518484 0.490659 0.0269688 0.133703
0 0.681992 0.306391 0.0139844 0.0260042
0 0.70425 0.440962 0.0426875 0.0803347
0 0.668445 0.444644 0.0362969 0.0846025
0 0.0641562 0.418745 0.0259688 0.0711297
0 0.605781 0.409895 0.0427812 0.0661506
