0 0.507172 0.510188 0.19425 0.400141
0 0.0994609 0.217782 0.0984219 0.159413
0 0.889828 0.478568 0.0725 0.268404
0 0.194414 0.208122 0.0779219 0.17723
0 0.0973906 0.360117 0.0674687 0.185211
0 0.145664 0.585493 0.169203 0.267042
0 0.0284219 0.655059 0.0568438 0.662934
0 0.73443 0.517969 0.0807656 0.226972
0 0.802711 0.518744 0.0752031 0.223451
0 0.0583125 0.461725 0.0775312 0.249789
0 0.611086 0.448721 0.0895469 0.375986
0 0.963453 0.518451 0.06375 0.193897
0 0.361625 0.404754 0.0302812 0.0939671
