0 0.336438 0.192125 0.0074375 0.0340417
0 0.240711 0.194406 0.00714063 0.0306875
0 0.184039 0.192698 0.0124531 0.0404375
0 0.371844 0.193542 0.0179063 0.03175
0 0.390484 0.186281 0.0108125 0.0435208
0 0.401086 0.187333 0.00945312 0.0389583
0 0.883398 0.151365 0.0137656 0.0259375
0 0.244375 0.188833 0.00628125 0.0419583
0 0.424281 0.187344 0.0103125 0.0387708
0 0.411578 0.193323 0.0120313 0.0258958
2 0.918187 0.153781 0.084375 0.0265208
0 0.232023 0.199667 0.00717187 0.0210833
0 0.891477 0.149115 0.00804688 0.0181875
0 0.397984 0.242594 0.0165 0.0177292
