0 0.453516 0.552541 0.204188 0.466071
6 0.855164 0.338706 0.247766 0.149882
0 0.636578 0.445071 0.0410625 0.0547059
0 0.748523 0.559906 0.0565781 0.268047
0 0.713789 0.406094 0.0431719 0.126494
0 0.358703 0.420306 0.034625 0.0952
0 0.128336 0.428706 0.0615156 0.122824
0 0.0860078 0.538871 0.0452656 0.187576
0 0.568656 0.415235 0.0500313 0.1468
0 0.805203 0.567082 0.0558125 0.294165
0 0.393234 0.409506 0.0545937 0.151482
2 0.55718 0.425129 0.146234 0.0868706
2 0.267883 0.406565 0.0728594 0.0535529
0 0.942133 0.370882 0.0325156 0.0575765
2 0.269781 0.459729 0.067 0.0683059
0 0.194398 0.483365 0.0500469 0.207812
0 0.216031 0.452565 0.023125 0.149082
