5 0.776687 0.581844 0.439219 0.820479
0 0.21525 0.573854 0.0328125 0.0955417
0 0.630336 0.765167 0.171922 0.469667
0 0.687477 0.746802 0.0578281 0.357312
0 0.336852 0.722979 0.0660781 0.369333
0 0.2685 0.637677 0.0586563 0.201437
0 0.168023 0.757979 0.282078 0.484042
0 0.494078 0.736073 0.161531 0.527854
0 0.496523 0.614542 0.112703 0.109833
0 0.104781 0.585833 0.0454375 0.138625
5 0.149117 0.490115 0.166484 0.164813
0 0.0506016 0.62876 0.0870781 0.217812
0 0.0787031 0.598635 0.0300625 0.116979
0 0.406906 0.734437 0.096 0.404417
