0 0.564602 0.557312 0.212359 0.692125
0 0.098875 0.513484 0.1955 0.712344
0 0.0825859 0.396625 0.165172 0.78875
0 0.870805 0.499891 0.217859 0.735031
0 0.379211 0.421344 0.0955156 0.81575
0 0.711758 0.561234 0.0254219 0.137344
0 0.749828 0.581 0.0267188 0.0875625
0 0.774781 0.584437 0.03825 0.083625
0 0.437992 0.6445 0.0250781 0.0686875
0 0.397305 0.612812 0.0210156 0.107875
0 0.952883 0.588766 0.0171094 0.0997813
0 0.935055 0.573734 0.0189531 0.105594
0 0.912289 0.552359 0.0181406 0.0504687
