0 0.9236 0.1165 0.1528 0.232219
0 0.147494 0.0731172 0.0738588 0.132328
0 0.280765 0.0666953 0.0699529 0.133391
0 0.345118 0.0620625 0.0696706 0.123375
0 0.424176 0.0600078 0.0691059 0.120016
0 0.480247 0.0578906 0.0767765 0.1155
0 0.559776 0.0328828 0.0433176 0.0630156
0 0.592459 0.0288672 0.0769176 0.0577344
0 0.379412 0.0589766 0.0436235 0.111266
0 0.659635 0.0334141 0.0647294 0.0666406
0 0.805376 0.0344531 0.135035 0.0675625
0 0.711294 0.0335078 0.064 0.0670156
0 0.441424 0.0564531 0.0446353 0.112906
