0 0.514656 0.394722 0.0832813 0.159403
0 0.668398 0.367058 0.0767656 0.242757
0 0.984695 0.263117 0.0280156 0.0566872
0 0.379891 0.229609 0.0439688 0.0604527
0 0.258586 0.258673 0.0532656 0.0627778
0 0.328766 0.208755 0.0294687 0.0559465
0 0.378523 0.176986 0.0586406 0.0709259
0 0.407352 0.1475 0.0347969 0.0612963
0 0.556703 0.191543 0.03775 0.0811934
0 0.59825 0.186728 0.0458438 0.0916049
0 0.305922 0.257521 0.0494687 0.0596091
0 0.135297 0.819619 0.0952812 0.360761
0 0.353547 0.285885 0.0343125 0.0363786
