0 0.822414 0.485561 0.201016 0.33483
0 0.653203 0.54107 0.137875 0.24846
0 0.619555 0.405718 0.0384531 0.103029
0 0.577305 0.406828 0.0323594 0.132402
0 0.720719 0.217428 0.0330312 0.0575718
0 0.59368 0.191762 0.0211094 0.0485901
0 0.653406 0.197559 0.0139063 0.0400261
0 0.472398 0.149726 0.0112031 0.0436292
0 0.637977 0.135653 0.0250781 0.0446736
0 0.657398 0.364634 0.0500469 0.15235
0 0.675141 0.173159 0.0135937 0.0363969
0 0.422141 0.462689 0.1825 0.347258
0 0.508359 0.424178 0.0435938 0.0915405
