0 0.621625 0.465086 0.0360313 0.112609
0 0.725227 0.530414 0.0364531 0.100797
0 0.53393 0.750633 0.102328 0.330141
0 0.441836 0.760844 0.105141 0.326625
0 0.553133 0.532219 0.0390469 0.11125
0 0.35932 0.562125 0.0530469 0.135187
0 0.249445 0.66743 0.0844844 0.214516
0 0.178313 0.657664 0.073625 0.238984
0 0.456211 0.462242 0.0245469 0.0779531
0 0.430914 0.517102 0.0439531 0.0731094
0 0.0115703 0.645398 0.0231406 0.163266
0 0.298492 0.56582 0.0448281 0.130047
0 0.517719 0.531859 0.0405313 0.118
