0 0.749814 0.56207 0.08942 0.135859
0 0.613561 0.523656 0.0349652 0.05075
0 0.890035 0.562742 0.0739907 0.138859
0 0.827981 0.565227 0.0636659 0.141828
2 0.106821 0.8125 0.213643 0.221687
2 0.259768 0.607031 0.519536 0.188312
2 0.206183 0.551 0.404292 0.091375
2 0.302401 0.544047 0.210557 0.0700937
2 0.296253 0.538477 0.273387 0.0897969
2 0.365418 0.533008 0.149304 0.0613281
2 0.198944 0.658219 0.397889 0.239906
2 0.32181 0.505914 0.180046 0.0453906
2 0.403968 0.503047 0.0210209 0.0136562
2 0.391079 0.518711 0.0730626 0.0193281
