4 0.704688 0.37642 0.402688 0.708803
0 0.634211 0.701115 0.119672 0.391009
0 0.311102 0.646984 0.0590156 0.339695
0 0.486039 0.680775 0.0996719 0.418075
0 0.969734 0.70257 0.0605313 0.235657
0 0.175531 0.672242 0.0735313 0.292183
0 0.421016 0.629108 0.0275625 0.0877934
0 0.355586 0.686103 0.0557656 0.334085
0 0.387523 0.616444 0.0492969 0.498474
0 0.952477 0.689883 0.0950469 0.449437
0 0.43218 0.675176 0.0720781 0.389225
3 0.223758 0.612688 0.0310156 0.075
0 0.407859 0.546995 0.03025 0.084507
0 0.163789 0.627641 0.0335156 0.0781925
