0 0.411906 0.584731 0.167156 0.277752
0 0.802633 0.302131 0.0174844 0.0609836
0 0.791602 0.305059 0.0140156 0.0640281
0 0.504453 0.471452 0.0897813 0.367681
0 0.957539 0.30507 0.0207344 0.0736534
0 0.356766 0.270562 0.01275 0.0437002
0 0.525383 0.285738 0.0145781 0.0490398
0 0.582258 0.280831 0.0151406 0.0350585
0 0.593516 0.276897 0.0124375 0.048829
0 0.928531 0.30048 0.01575 0.0812881
0 0.715539 0.417201 0.0915781 0.364052
0 0.448086 0.279977 0.0123906 0.0457143
0 0.875664 0.306733 0.0143594 0.045363
