0 0.313344 0.373419 0.0674375 0.126136
0 0.217008 0.579028 0.0884531 0.177119
0 0.203984 0.824941 0.185531 0.350117
0 0.103453 0.805621 0.206906 0.366276
0 0.106156 0.529508 0.161969 0.386979
0 0.461039 0.395269 0.0611406 0.158126
0 0.686469 0.382119 0.114781 0.24171
0 0.942125 0.509567 0.11575 0.209719
0 0.250648 0.351651 0.0509531 0.123677
0 0.495727 0.373173 0.0558594 0.139508
0 0.214977 0.365246 0.0648594 0.117002
0 0.834969 0.509262 0.0847187 0.188548
0 0.645148 0.430925 0.0415156 0.0928571
