5 0.862328 0.4955 0.275344 0.98875
0 0.505883 0.704479 0.123266 0.579417
0 0.108922 0.740021 0.126625 0.519958
0 0.689758 0.537437 0.0971406 0.200083
0 0.402805 0.692135 0.262922 0.615729
0 0.253031 0.709979 0.116312 0.514875
0 0.188516 0.691615 0.0829063 0.370563
0 0.4485 0.504344 0.0410313 0.0687292
0 0.671656 0.735448 0.16725 0.502354
0 0.541945 0.506958 0.0247344 0.052625
0 0.626922 0.540427 0.053125 0.146187
0 0.0506484 0.691677 0.101297 0.272729
0 0.749023 0.655844 0.0331094 0.267521
