0 0.568164 0.623469 0.187297 0.203313
0 0.173461 0.561792 0.103297 0.147625
0 0.345445 0.45699 0.0519844 0.234937
0 0.489336 0.517885 0.0647969 0.171063
0 0.708648 0.642406 0.116641 0.229188
0 0.420547 0.454688 0.0124688 0.0343333
0 0.739586 0.549031 0.0424531 0.0666875
0 0.290016 0.465729 0.0231562 0.0297083
0 0.628555 0.551198 0.0410781 0.0978125
0 0.281687 0.446917 0.0119688 0.017375
0 0.44975 0.57924 0.0506875 0.145229
0 0.261305 0.453521 0.0320469 0.0720417
0 0.741344 0.534292 0.0234375 0.0583333
