0 0.361288 0.806156 0.267728 0.172594
0 0.104227 0.548664 0.0608665 0.123328
0 0.451838 0.459516 0.0732787 0.0520938
0 0.53363 0.459828 0.0694145 0.0566562
0 0.59144 0.449187 0.0462061 0.0799375
0 0.745211 0.360008 0.045082 0.0675469
0 0.628384 0.435883 0.0380796 0.0480781
0 0.755012 0.445289 0.0420609 0.0570781
0 0.377447 0.346977 0.0470258 0.0491094
0 0.607611 0.330961 0.0395316 0.0518281
0 0.514028 0.392906 0.0364871 0.0486875
0 0.641651 0.460539 0.062178 0.0467344
0 0.819602 0.444039 0.0479157 0.0871406
