0 0.420234 0.853938 0.220312 0.292125
0 0.29157 0.779771 0.182016 0.440458
0 0.408844 0.708208 0.0383125 0.0519583
0 0.572625 0.820323 0.223312 0.359354
0 0.755594 0.817729 0.164625 0.364542
0 0.906875 0.646844 0.165063 0.238687
0 0.685813 0.58899 0.0284375 0.0505625
0 0.661719 0.596813 0.0261562 0.099625
0 0.198227 0.785958 0.128828 0.428083
0 0.114891 0.56326 0.0191562 0.0278958
0 0.637078 0.59326 0.0168437 0.103354
0 0.921336 0.775052 0.156547 0.447479
0 0.927305 0.501792 0.0108281 0.0207083
