2 0.969135 0.73107 0.0617292 0.136391
0 0.575469 0.784805 0.103271 0.193234
0 0.899042 0.749016 0.0651667 0.187563
0 0.815552 0.698508 0.0969792 0.0882969
0 0.736437 0.748812 0.0800417 0.181344
0 0.112198 0.759672 0.0903542 0.195531
0 0.342052 0.718414 0.0865625 0.200578
0 0.797469 0.726266 0.0658542 0.173344
0 0.0473438 0.749359 0.0717292 0.195625
0 0.380323 0.712844 0.0339792 0.142906
0 0.175313 0.725578 0.0519167 0.164813
0 0.233385 0.728234 0.0795625 0.169219
0 0.863437 0.701531 0.0373333 0.082625
0 0.645656 0.73282 0.0475208 0.137266
