0 0.536156 0.531042 0.397594 0.914215
0 0.281469 0.55582 0.116156 0.866066
0 0.184938 0.59356 0.183531 0.812881
0 0.66943 0.270445 0.237859 0.486557
0 0.68293 0.319098 0.0944531 0.224707
0 0.870344 0.344941 0.208406 0.514614
0 0.108625 0.320831 0.0535625 0.206206
0 0.0958203 0.308888 0.0433906 0.1626
0 0.398813 0.308981 0.0839688 0.141569
0 0.0817109 0.575281 0.163422 0.849438
0 0.333953 0.296019 0.0246875 0.0532553
0 0.362867 0.281347 0.0354844 0.0751522
0 0.94607 0.367518 0.0908281 0.393536
