0 0.433172 0.770728 0.0307812 0.107934
0 0.403094 0.763028 0.0305937 0.109296
0 0.553664 0.717805 0.0213594 0.0432629
0 0.489086 0.783756 0.0295156 0.059108
0 0.525695 0.687676 0.0185156 0.0525352
0 0.457258 0.778216 0.0308906 0.0619718
0 0.448734 0.761678 0.0145313 0.0439202
0 0.496859 0.757265 0.0231875 0.0303991
0 0.520492 0.757817 0.0177656 0.0831925
0 0.496602 0.733627 0.0208906 0.038615
0 0.477719 0.766009 0.0221875 0.059108
1 0.0933281 0.643451 0.0289063 0.0270423
1 0.0795625 0.644566 0.0177813 0.017723
0 0.46507 0.752547 0.00801563 0.015939
0 0.523813 0.720035 0.0173437 0.0470188
