0 0.923854 0.779594 0.120458 0.29125
0 0.825635 0.756422 0.0819792 0.195188
0 0.205698 0.826406 0.200854 0.347187
0 0.355917 0.761508 0.0409583 0.146109
2 0.976094 0.760242 0.0476042 0.124578
0 0.28376 0.746625 0.0498125 0.0975938
0 0.327208 0.740164 0.042 0.0954531
0 0.0864896 0.784555 0.0795625 0.154547
0 0.0447708 0.751703 0.0330417 0.06625
0 0.788 0.759703 0.047 0.170187
0 0.014375 0.75375 0.02875 0.0832187
2 0.853219 0.771078 0.0346458 0.0299687
2 0.121271 0.74707 0.02425 0.0363594
