0 0.493992 0.613642 0.0132031 0.0492742
0 0.73482 0.75254 0.0182969 0.105995
0 0.749773 0.755148 0.0206094 0.123683
0 0.59507 0.767876 0.0240469 0.103925
0 0.836203 0.737513 0.0217188 0.114758
0 0.560406 0.636613 0.00853125 0.048172
0 0.575539 0.63422 0.0107031 0.0546774
0 0.283453 0.83879 0.0404062 0.145753
0 0.612711 0.632944 0.0102969 0.0568011
6 0.396422 0.791022 0.252094 0.16629
0 0.763453 0.761358 0.014625 0.101962
0 0.356523 0.950134 0.0355781 0.0977957
0 0.94643 0.817755 0.0260156 0.104435
0 0.843336 0.862003 0.0435469 0.157608
