3 0.64293 0.71034 0.0641406 0.0629742
3 0.882508 0.692049 0.0301719 0.065082
0 0.326094 0.758431 0.0674687 0.231475
0 0.273008 0.767248 0.0554844 0.205644
0 0.172242 0.813806 0.0689219 0.28822
0 0.424633 0.7126 0.0335156 0.117845
0 0.386734 0.7113 0.0255 0.121194
0 0.641227 0.697365 0.0240781 0.0952927
0 0.350148 0.735375 0.0167656 0.141803
0 0.124531 0.804087 0.0899375 0.2574
0 0.454164 0.674063 0.0212031 0.0483138
3 0.709617 0.691815 0.539609 0.0680328
0 0.823516 0.661347 0.0221562 0.0392272
0 0.493516 0.67993 0.0185937 0.0509602
0 0.487797 0.677822 0.0143125 0.0500234
2 0.33407 0.673489 0.0686406 0.033911
3 0.49268 0.687213 0.0210781 0.0407494
0 0.507875 0.663443 0.00303125 0.00580796
