0 0.167938 0.687571 0.335875 0.624858
0 0.460859 0.658868 0.300563 0.682264
0 0.407273 0.274729 0.0725781 0.101722
0 0.656414 0.521085 0.341641 0.72033
0 0.78532 0.519104 0.361766 0.620236
0 0.957273 0.42579 0.0803906 0.532712
0 0.970484 0.211887 0.0590313 0.161179
0 0.947117 0.0875118 0.0572969 0.110118
0 0.890211 0.139658 0.0617031 0.12158
0 0.816969 0.394009 0.238031 0.38533
0 0.879109 0.31579 0.144187 0.246769
0 0.621242 0.607818 0.501078 0.762005
0 0.0671094 0.901309 0.130781 0.181816
