0 0.855125 0.431458 0.115031 0.687639
0 0.747461 0.452708 0.0760156 0.51125
0 0.698125 0.446306 0.0444688 0.458444
0 0.0899453 0.578833 0.174828 0.813056
0 0.45568 0.530528 0.147422 0.809667
0 0.348562 0.445722 0.0285 0.213944
0 0.165594 0.582028 0.222469 0.8135
0 0.217273 0.427931 0.0620781 0.632861
0 0.403187 0.486958 0.0308437 0.132306
0 0.975078 0.342792 0.04075 0.167472
0 0.272891 0.451208 0.03975 0.206639
0 0.668406 0.456028 0.0537813 0.548
0 0.611445 0.500861 0.138797 0.831167
