3 0.565461 0.612302 0.101578 0.268604
0 0.46868 0.393292 0.0527969 0.196292
0 0.597375 0.361135 0.0438438 0.0988542
0 0.706555 0.469375 0.0966719 0.373792
0 0.811508 0.484115 0.0987656 0.354813
0 0.889656 0.484312 0.100094 0.345667
0 0.75432 0.338062 0.0135156 0.0568333
0 0.554117 0.529417 0.165891 0.409417
0 0.742172 0.328854 0.0149375 0.0409167
0 0.971172 0.470281 0.0576562 0.317021
0 0.773523 0.354104 0.0275781 0.0760833
3 0.510094 0.614948 0.0325 0.144229
0 0.675281 0.333271 0.0177813 0.0545417
0 0.729063 0.32324 0.0113125 0.0345208
