0 0.462164 0.34939 0.0815469 0.254554
0 0.553891 0.249894 0.06975 0.109178
0 0.0471172 0.408298 0.0942344 0.49439
0 0.360391 0.389988 0.0765938 0.327066
0 0.832859 0.26723 0.0292187 0.046385
0 0.608047 0.280469 0.0435 0.0643662
0 0.286109 0.292441 0.0594688 0.124131
0 0.790094 0.231749 0.0283125 0.0999765
2 0.502391 0.265 0.058625 0.0716901
2 0.872961 0.287289 0.0767344 0.0985211
6 0.668937 0.244624 0.194188 0.102864
0 0.324367 0.440141 0.0764531 0.193192
6 0.499609 0.262453 0.0498437 0.0656573
0 0.423109 0.398885 0.0423125 0.158897
0 0.936008 0.269613 0.115203 0.277629
