0 0.884094 0.26493 0.0375313 0.0974766
0 0.189781 0.416951 0.0623437 0.122453
0 0.153016 0.271484 0.0649062 0.13778
0 0.0800625 0.305631 0.0794062 0.138785
0 0.207742 0.278236 0.0541719 0.126005
0 0.277109 0.267185 0.0925 0.147079
0 0.924805 0.320946 0.0963906 0.153154
0 0.171422 0.162932 0.0720625 0.14465
0 0.856383 0.326332 0.0688281 0.133645
0 0.559531 0.547196 0.239375 0.485467
0 0.108203 0.596636 0.165313 0.379766
0 0.297312 0.54597 0.0750938 0.15035
0 0.26525 0.636706 0.2355 0.300654
