0 0.411227 0.350534 0.115891 0.176026
0 0.117367 0.442553 0.0252656 0.12015
0 0.141258 0.439316 0.0250156 0.103889
0 0.932281 0.381079 0.02675 0.0518162
0 0.171883 0.378942 0.0218281 0.0371581
0 0.227891 0.360694 0.0151875 0.0463889
0 0.244938 0.386026 0.030625 0.0379915
0 0.326625 0.358098 0.0211562 0.0408974
0 0.349109 0.360491 0.013875 0.0339316
0 0.309992 0.338942 0.0208594 0.0254487
0 0.0474531 0.398045 0.0237813 0.0544658
0 0.208508 0.4064 0.0239219 0.0358333
0 0.568602 0.349167 0.0217031 0.0379487
