0 0.828773 0.927916 0.0246406 0.0784543
0 0.331609 0.963478 0.008625 0.0356674
0 0.316203 0.963899 0.009375 0.0553396
0 0.2025 0.958056 0.0170625 0.042623
0 0.263094 0.980222 0.012125 0.0333724
0 0.691602 0.789859 0.00554687 0.0296956
0 0.385469 0.899532 0.0098125 0.025808
0 0.42 0.892752 0.0089375 0.032904
0 0.437703 0.974379 0.015875 0.0512412
0 0.493391 0.870047 0.00925 0.0227166
0 0.802844 0.775234 0.010875 0.0333255
0 0.25568 0.992752 0.0102969 0.0133724
0 0.824812 0.770457 0.007 0.0291101
