0 0.246578 0.59888 0.225781 0.773561
0 0.0571641 0.716722 0.114328 0.566557
0 0.143781 0.267642 0.0933125 0.234764
0 0.811797 0.384623 0.125125 0.198821
0 0.395648 0.44638 0.0788906 0.339693
0 0.506922 0.546073 0.177156 0.32809
0 0.438797 0.304623 0.04425 0.123349
0 0.725773 0.425283 0.0937969 0.233726
0 0.661344 0.439434 0.0816562 0.20783
0 0.465883 0.3527 0.0743906 0.124552
0 0.279352 0.198962 0.0719844 0.0970283
0 0.485617 0.319104 0.0410469 0.111651
0 0.54043 0.356616 0.0718594 0.151675
