6 0.0888437 0.622101 0.019125 0.039768
2 0.300625 0.719948 0.019 0.0286082
2 0.305812 0.690889 0.0177187 0.0276546
2 0.312547 0.617487 0.0161875 0.0251289
2 0.494187 0.627655 0.0157188 0.0190206
2 0.26707 0.657874 0.0154844 0.0228608
2 0.436125 0.618441 0.0171875 0.0217784
2 0.455242 0.622732 0.0187656 0.0303608
2 0.659383 0.915735 0.0217969 0.0247165
2 0.583156 0.681907 0.0153437 0.0235567
6 0.272305 0.619845 0.0220469 0.0330412
6 0.300438 0.720928 0.0183437 0.0328351
6 0.160187 0.92049 0.0242812 0.0628866
6 0.0608281 0.725399 0.0191562 0.030799
6 0.506266 0.837229 0.0195 0.034201
2 0.518758 0.649923 0.0159531 0.0392268
2 0.339414 0.785425 0.0222031 0.0280155
2 0.620031 0.787977 0.0139375 0.0126546
2 0.540047 0.649485 0.0184062 0.0215464
