0 0.529258 0.160691 0.0282344 0.122553
0 0.413375 0.171698 0.0242188 0.117166
0 0.600852 0.133372 0.0211406 0.057377
2 0.629125 0.110785 0.0254688 0.0286885
2 0.728547 0.107998 0.0289375 0.069719
6 0.0547266 0.214239 0.106453 0.28089
6 0.483289 0.138173 0.0589844 0.123466
0 0.556828 0.123595 0.0174375 0.0747307
0 0.923805 0.0466628 0.0257344 0.0364637
0 0.671 0.115749 0.018125 0.0280796
0 0.656195 0.11397 0.0155781 0.0409133
0 0.913055 0.134262 0.0228594 0.0265574
6 0.91825 0.158431 0.107969 0.204778
0 0.864477 0.146897 0.0175781 0.0889696
3 0.449453 0.191464 0.0324375 0.0707494
6 0.688016 0.127869 0.057625 0.102998
0 0.342688 0.180796 0.03825 0.141874
0 0.980063 0.130726 0.0131875 0.0540515
0 0.449313 0.17041 0.0489062 0.124895
0 0.574977 0.159614 0.0263906 0.115059
