0 0.151523 0.853428 0.107328 0.244539
0 0.242563 0.862459 0.08525 0.232766
0 0.363273 0.877447 0.112141 0.212813
0 0.818047 0.789799 0.092 0.416619
0 0.305547 0.786418 0.0744375 0.191844
0 0.453437 0.629385 0.0065 0.0311584
0 0.257398 0.701513 0.0228594 0.087896
0 0.198477 0.678877 0.0396094 0.154444
0 0.612797 0.777837 0.123438 0.444326
0 0.74618 0.783723 0.129297 0.432553
0 0.888125 0.801998 0.0974688 0.396005
0 0.353281 0.776336 0.122562 0.163404
0 0.227273 0.663641 0.0134219 0.0860993
