2 0.937297 0.726819 0.0784375 0.213806
4 0.518891 0.479764 0.236375 0.667417
0 0.67093 0.679583 0.0502031 0.177222
0 0.798547 0.617972 0.0412813 0.119778
0 0.0145391 0.721347 0.0240156 0.319083
0 0.388203 0.647083 0.026875 0.168944
0 0.735586 0.609056 0.0502031 0.106833
0 0.980883 0.703431 0.0382344 0.463639
0 0.764586 0.602514 0.0321719 0.121417
0 0.917383 0.627139 0.0242969 0.0930556
0 0.946648 0.598333 0.0270781 0.0706667
0 0.680547 0.623486 0.0200625 0.09175
0 0.70818 0.607208 0.0170781 0.0963611
6 0.940789 0.671514 0.0860781 0.318528
0 0.74182 0.598236 0.0200156 0.113639
0 0.761172 0.604444 0.0191562 0.111889
