0 0.181648 0.45124 0.0868906 0.366896
0 0.267523 0.334323 0.107547 0.222354
0 0.40632 0.359594 0.113422 0.209062
0 0.42757 0.521542 0.116766 0.36325
0 0.565445 0.459542 0.0657344 0.366292
0 0.699477 0.544187 0.0966406 0.376917
0 0.654813 0.380219 0.0517813 0.131021
0 0.772648 0.510083 0.0811719 0.379542
0 0.629219 0.605469 0.0849063 0.373521
0 0.538477 0.581646 0.136516 0.391
0 0.107609 0.493417 0.0847187 0.412625
0 0.534781 0.392792 0.1075 0.141458
0 0.377922 0.576625 0.109094 0.368833
