6 0.17993 0.477676 0.359859 0.883135
6 0.412945 0.337878 0.401141 0.607703
0 0.559328 0.646851 0.172406 0.679378
0 0.129266 0.632581 0.170187 0.707865
0 0.931492 0.446068 0.0779531 0.384243
0 0.681734 0.443824 0.0502812 0.34127
0 0.758703 0.429541 0.0604062 0.300162
0 0.854406 0.469932 0.0839688 0.368892
6 0.636492 0.277392 0.176703 0.337973
6 0.801734 0.25177 0.074875 0.0890541
0 0.8885 0.395784 0.0365 0.226541
0 0.597414 0.378878 0.0624844 0.214243
0 0.522594 0.332162 0.0473438 0.130486
0 0.841727 0.2965 0.0144844 0.0626757
0 0.933109 0.249973 0.0211562 0.0344324
0 0.904211 0.29327 0.0256719 0.0937838
0 0.730469 0.331149 0.0425312 0.138297
