0 0.119008 0.535023 0.0995198 0.214203
0 0.219228 0.52218 0.0847599 0.194578
0 0.220595 0.715648 0.143445 0.174328
0 0.3681 0.71268 0.160376 0.181984
0 0.677463 0.738555 0.249708 0.420203
0 0.941023 0.846953 0.0441336 0.212469
0 0.620157 0.432203 0.0515449 0.0865313
0 0.568184 0.439367 0.0427557 0.0982969
0 0.343925 0.439945 0.0438831 0.0869219
0 0.394478 0.422359 0.0396451 0.0775625
0 0.430251 0.42043 0.0309812 0.0703906
0 0.143121 0.425992 0.0428184 0.0832656
0 0.168413 0.435695 0.0348643 0.0984219
