0 0.204047 0.6 0.152812 0.238203
0 0.0900312 0.557754 0.16875 0.335586
0 0.13325 0.2475 0.0890937 0.0755859
0 0.248813 0.215166 0.07575 0.117129
0 0.4265 0.19584 0.0892187 0.135078
0 0.679531 0.181123 0.1165 0.121777
0 0.940328 0.143955 0.119344 0.134746
0 0.600063 0.0577441 0.06775 0.115488
0 0.524008 0.198633 0.0891094 0.117227
0 0.797758 0.0163965 0.0722344 0.0327539
0 0.523484 0.0739648 0.101937 0.146367
0 0.453109 0.0726074 0.0644062 0.13248
0 0.380258 0.51125 0.216109 0.431172
