1 0.454055 0.21789 0.0832969 0.0806949
0 0.733055 0.495508 0.533891 0.986508
0 0.100242 0.191246 0.0360781 0.106322
0 0.422664 0.191381 0.0413594 0.126831
0 0.13732 0.175136 0.0212344 0.0806102
0 0.0825547 0.166356 0.0137656 0.0424746
0 0.0477031 0.169068 0.0170313 0.0684407
0 0.0216875 0.18339 0.043375 0.120915
0 0.370094 0.200186 0.0238125 0.0345085
0 0.461391 0.205508 0.0552813 0.109864
0 0.158945 0.181729 0.0397344 0.0652203
0 0.231578 0.178449 0.039875 0.0859492
0 0.306164 0.164314 0.0138906 0.0438475
1 0.541016 0.203712 0.025 0.0262712
1 0.509008 0.194737 0.0241406 0.0385254
