0 0.483419 0.857508 0.0484309 0.0707031
0 0.822717 0.881711 0.0402342 0.0252656
0 0.138407 0.878375 0.27007 0.123875
0 0.282834 0.846234 0.019719 0.0404062
0 0.790293 0.837227 0.0186183 0.0370781
0 0.238372 0.919937 0.0287354 0.0569687
0 0.207494 0.915766 0.0522248 0.0749062
0 0.146019 0.877367 0.0547541 0.0659219
0 0.61137 0.904227 0.0485012 0.114953
0 0.818173 0.852063 0.0294614 0.0543125
0 0.322131 0.852406 0.0152225 0.0479375
0 0.734485 0.851008 0.0150117 0.0245469
0 0.434391 0.822594 0.0167447 0.025375
