2 0.644625 0.499889 0.166375 0.229359
2 0.871859 0.512507 0.145562 0.198217
2 0.777305 0.455738 0.111422 0.183008
2 0.62782 0.345822 0.0357656 0.0852925
4 0.334438 0.374387 0.544125 0.315181
0 0.417453 0.564373 0.0845 0.38039
0 0.111016 0.520251 0.0570625 0.26312
0 0.966148 0.449164 0.0362031 0.16156
0 0.987922 0.421045 0.0241563 0.119025
0 0.923227 0.429429 0.0244219 0.0837047
0 0.874641 0.385627 0.0192187 0.0290251
0 0.941977 0.431448 0.0213594 0.0793872
2 0.622609 0.307493 0.0427187 0.0496936
2 0.814781 0.366699 0.0665937 0.0916156
0 0.924766 0.374095 0.0295938 0.0490251
6 0.622594 0.310153 0.0407187 0.0566295
6 0.671117 0.366031 0.0887969 0.135682
