0 0.219797 0.767552 0.26175 0.442938
0 0.46343 0.751042 0.0704844 0.224167
0 0.706078 0.817573 0.148656 0.355854
0 0.188609 0.493219 0.0254063 0.0783125
0 0.118914 0.452906 0.0190781 0.0678542
0 0.891453 0.689479 0.06825 0.142625
0 0.0201484 0.617906 0.0358281 0.322396
0 0.718055 0.652385 0.0425469 0.0655208
0 0.557172 0.677229 0.0558438 0.118417
0 0.834742 0.822083 0.0993594 0.329875
0 0.450836 0.617458 0.0431094 0.107375
0 0.674 0.607542 0.0237188 0.0903333
0 0.299305 0.551896 0.0282344 0.129292
