0 0.390555 0.793323 0.0643594 0.111771
0 0.394602 0.727281 0.0208594 0.0549792
0 0.916266 0.848156 0.0413125 0.205271
0 0.331922 0.778406 0.0383125 0.161688
0 0.230727 0.771062 0.0364531 0.162917
0 0.109852 0.771083 0.0402656 0.135333
0 0.965562 0.829396 0.0586875 0.248458
0 0.645922 0.675125 0.0194375 0.0577917
0 0.179461 0.771531 0.0445781 0.134896
0 0.0795156 0.766781 0.0368125 0.129146
0 0.365687 0.715427 0.03 0.0466875
0 0.318602 0.767948 0.0196719 0.126771
0 0.738813 0.764583 0.04175 0.213708
