0 0.227258 0.498354 0.0409219 0.106625
0 0.103313 0.473719 0.0534687 0.0770208
0 0.205375 0.441521 0.035125 0.076625
0 0.177633 0.473281 0.0533594 0.0672708
0 0.570047 0.431219 0.0374063 0.0650208
0 0.255922 0.401021 0.0222812 0.0715417
0 0.360539 0.445625 0.0217656 0.0328333
0 0.384516 0.430729 0.0196875 0.0322917
0 0.562539 0.411635 0.0267969 0.0502708
0 0.0655391 0.421219 0.0450781 0.160646
0 0.481711 0.404458 0.0223906 0.0663333
0 0.603789 0.420302 0.0210156 0.0611458
0 0.433023 0.412854 0.0257969 0.033375
