0 0.111641 0.603507 0.0646875 0.115784
0 0.327336 0.602694 0.0792656 0.119679
0 0.529375 0.63483 0.122594 0.132571
0 0.590188 0.652571 0.0653438 0.241399
0 0.615086 0.539726 0.0501406 0.0768053
0 0.646836 0.527902 0.0482031 0.0658601
0 0.664859 0.515577 0.0368125 0.0601134
0 0.763188 0.662287 0.14775 0.167146
0 0.749937 0.585217 0.10025 0.131645
0 0.769922 0.538941 0.0914062 0.121928
0 0.879953 0.490359 0.0430313 0.123327
0 0.505188 0.53724 0.0609062 0.0818526
0 0.186742 0.568885 0.0558281 0.0769376
