6 0.730375 0.657083 0.074375 0.0896667
0 0.501984 0.764938 0.022125 0.0890417
0 0.737609 0.94851 0.0605 0.102604
0 0.489164 0.725656 0.0194844 0.0809792
0 0.372977 0.752312 0.0143906 0.0493333
0 0.245445 0.785854 0.0634219 0.0655
0 0.463672 0.751667 0.030375 0.0954167
0 0.914109 0.771177 0.0321875 0.0414792
0 0.868656 0.760188 0.020875 0.036125
0 0.0598594 0.734844 0.119719 0.530313
0 0.236734 0.745406 0.0239375 0.0456875
0 0.815141 0.78449 0.0272188 0.107729
0 0.350008 0.72874 0.0195156 0.0936458
0 0.234039 0.795844 0.100391 0.112562
