2 0.209445 0.643365 0.0840469 0.0798958
2 0.273062 0.633385 0.0493125 0.0423125
0 0.562883 0.854865 0.133547 0.290271
0 0.870477 0.753219 0.0460469 0.0763958
0 0.727727 0.701208 0.0223594 0.0379167
0 0.793531 0.777052 0.0556562 0.169729
0 0.927812 0.861323 0.137469 0.277354
0 0.351 0.740698 0.05275 0.198187
2 0.81218 0.698406 0.0488906 0.0475208
0 0.42132 0.700458 0.0437344 0.12475
0 0.268211 0.783625 0.102578 0.213
0 0.405617 0.693312 0.0240469 0.0896667
0 0.733953 0.804052 0.0861563 0.213979
0 0.191305 0.719396 0.0743906 0.145625
0 0.577289 0.699052 0.0361406 0.0719792
0 0.270828 0.656906 0.0292812 0.0776875
