0 0.183711 0.40899 0.293266 0.656188
0 0.379398 0.171281 0.0590156 0.197938
0 0.483641 0.157417 0.0511875 0.123625
0 0.666469 0.15925 0.0776563 0.17725
0 0.274391 0.279146 0.208656 0.556458
0 0.556695 0.133948 0.0909844 0.0876875
0 0.950945 0.189552 0.0972969 0.161979
0 0.437992 0.193854 0.0638281 0.19075
0 0.720055 0.185844 0.0386719 0.126021
0 0.0227422 0.213917 0.0454844 0.179042
0 0.917695 0.173604 0.164609 0.188
0 0.634609 0.143615 0.0218438 0.0559375
0 0.747789 0.22999 0.0542656 0.175229
