0 0.10125 0.673835 0.09775 0.319323
0 0.221828 0.696335 0.108062 0.386128
0 0.681289 0.677914 0.0972969 0.314173
0 0.804164 0.693816 0.108141 0.393571
0 0.896578 0.571466 0.0138125 0.0812782
0 0.875141 0.509154 0.012875 0.0627444
0 0.393008 0.512932 0.00670312 0.0354887
0 0.338461 0.509267 0.0148281 0.060188
0 0.299695 0.508985 0.0131406 0.0587218
0 0.173227 0.505207 0.0101406 0.0523684
0 0.308805 0.472049 0.00489063 0.0303383
0 0.684031 0.744605 0.0575625 0.187481
0 0.268602 0.485301 0.00710937 0.042782
