3 0.690625 0.242822 0.101125 0.173091
3 0.856109 0.24466 0.116375 0.123607
3 0.597648 0.212857 0.0432656 0.118689
0 0.141648 0.664719 0.278953 0.670562
0 0.308852 0.551686 0.0959531 0.343841
0 0.398227 0.513571 0.0869844 0.444005
0 0.790898 0.589005 0.134109 0.261054
0 0.943047 0.68589 0.113906 0.62822
0 0.45418 0.252927 0.0400469 0.185012
0 0.536438 0.24226 0.0569687 0.195995
0 0.364906 0.171475 0.0565625 0.201639
0 0.875359 0.685445 0.06475 0.428126
0 0.982453 0.228489 0.034875 0.147143
0 0.295945 0.21219 0.0289219 0.133044
3 0.765773 0.262881 0.0712031 0.141639
3 0.959609 0.250152 0.0524375 0.0886885
0 0.669438 0.664052 0.130438 0.501124
3 0.0352344 0.21096 0.0701875 0.148571
