1 0.700187 0.872793 0.0194375 0.0657277
0 0.605945 0.815798 0.0407969 0.18385
0 0.694391 0.833087 0.03675 0.127676
0 0.0110234 0.775775 0.0218281 0.086338
0 0.123367 0.797265 0.0228281 0.015939
0 0.253547 0.795047 0.0169375 0.0352113
0 0.30257 0.810599 0.0129531 0.026831
0 0.309398 0.771784 0.0134219 0.0365258
0 0.340086 0.770998 0.0202969 0.0452347
0 0.399523 0.793826 0.0213906 0.0338028
0 0.288 0.788286 0.0177813 0.0304695
0 0.781609 0.778052 0.021125 0.111878
0 0.202328 0.781655 0.0186562 0.0302582
1 0.69357 0.834331 0.0443906 0.0138732
0 0.362664 0.761514 0.0170156 0.0368779
