0 0.332203 0.901771 0.0912188 0.196458
0 0.204891 0.939406 0.0919688 0.121188
0 0.0732422 0.882958 0.0205781 0.0675417
0 0.0527969 0.920823 0.0472813 0.150562
0 0.381414 0.961083 0.0510156 0.0778333
0 0.981937 0.901333 0.036125 0.197333
0 0.768344 0.926094 0.04475 0.142812
0 0.539766 0.894844 0.0155625 0.0406875
0 0.667836 0.87124 0.00495313 0.0192708
0 0.715844 0.913875 0.05025 0.170958
0 0.676523 0.897094 0.0159844 0.0808542
2 0.870328 0.830094 0.0230625 0.0138125
0 0.663648 0.928031 0.0224844 0.0329792
0 0.186484 0.911719 0.0980313 0.171187
