0 0.109797 0.483104 0.209469 0.671167
0 0.454789 0.211635 0.0367344 0.0822708
0 0.71093 0.211385 0.0166094 0.0201875
0 0.792492 0.27351 0.0574531 0.222688
0 0.542125 0.253854 0.027625 0.114583
0 0.503172 0.253042 0.0399062 0.115208
0 0.726016 0.265604 0.0417187 0.140292
0 0.302734 0.234406 0.143469 0.243146
0 0.835195 0.528708 0.203734 0.863583
0 0.951391 0.441281 0.07475 0.531646
0 0.406117 0.215063 0.0831406 0.236583
0 0.654289 0.232615 0.0852344 0.225521
0 0.0158516 0.244677 0.0317031 0.131146
