0 0.292578 0.580896 0.214375 0.541583
0 0.354984 0.386885 0.0375 0.0758542
0 0.404008 0.415948 0.0767344 0.144813
0 0.510984 0.410656 0.0615 0.108313
0 0.566984 0.42574 0.05 0.137021
0 0.606117 0.408094 0.0667969 0.165563
0 0.65625 0.409521 0.072625 0.154542
0 0.708711 0.414615 0.0589844 0.150562
0 0.782117 0.416365 0.0623906 0.104438
0 0.513516 0.458969 0.0729375 0.0766042
0 0.776016 0.44951 0.0655937 0.0653958
0 0.633031 0.300552 0.0322812 0.0440208
0 0.835602 0.45199 0.0492031 0.0606458
