0 0.814016 0.442812 0.07025 0.0800417
0 0.628969 0.437292 0.0595 0.0976667
0 0.780086 0.307635 0.0763594 0.154979
0 0.795984 0.208708 0.0509063 0.0875
0 0.360836 0.44076 0.0457344 0.0487708
0 0.714469 0.113521 0.0624375 0.099375
0 0.320391 0.184083 0.072125 0.0955
0 0.617828 0.713562 0.0880937 0.140042
0 0.26743 0.31951 0.0712969 0.112771
0 0.494664 0.9 0.116297 0.177542
0 0.875742 0.950469 0.105734 0.0990625
0 0.581891 0.11949 0.052375 0.0842292
0 0.70282 0.981938 0.0450469 0.036125
