4 0.158039 0.442047 0.316078 0.874724
0 0.339359 0.769035 0.0850313 0.306535
0 0.406633 0.773809 0.0619219 0.294941
0 0.743062 0.746545 0.0647188 0.301358
0 0.573109 0.759222 0.0669063 0.29998
0 0.633625 0.74811 0.066 0.291496
0 0.687414 0.724311 0.0650781 0.341575
0 0.435727 0.751122 0.0782031 0.302126
0 0.799703 0.744242 0.0767188 0.29502
0 0.505188 0.756713 0.0700313 0.305669
0 0.532187 0.594606 0.0744375 0.134094
0 0.757977 0.641447 0.0657031 0.218681
0 0.546148 0.745955 0.0425156 0.304587
0 0.893016 0.724715 0.061375 0.28687
