0 0.812461 0.459505 0.165578 0.178022
0 0.897797 0.43272 0.0986875 0.20957
0 0.745711 0.199312 0.0249219 0.0579355
0 0.306953 0.688763 0.137156 0.559548
0 0.2245 0.372473 0.125719 0.253935
0 0.111031 0.373032 0.05225 0.23372
0 0.379797 0.37672 0.0527813 0.228323
0 0.439961 0.216591 0.0411719 0.0451828
0 0.0447969 0.380043 0.0565 0.217333
0 0.392414 0.216462 0.0512031 0.0577419
0 0.595969 0.415978 0.156187 0.255011
0 0.935883 0.347247 0.0483281 0.0606452
0 0.700281 0.409978 0.0854062 0.163742
