0 0.0804609 0.599473 0.0230469 0.0982051
0 0.114789 0.606567 0.0180469 0.10584
0 0.341969 0.62688 0.0292812 0.078547
0 0.361289 0.614316 0.0263906 0.0905128
0 0.609133 0.598932 0.0292344 0.0507977
0 0.708367 0.640214 0.0309219 0.0945014
0 0.771461 0.616239 0.0204531 0.0861538
0 0.840172 0.605028 0.0209063 0.0483476
0 0.857516 0.608091 0.0294687 0.0560684
0 0.951742 0.566325 0.00917187 0.0295157
0 0.239039 0.620157 0.0221406 0.0454416
0 0.193203 0.586168 0.009875 0.0371795
0 0.517055 0.590883 0.0159531 0.0589174
