0 0.125891 0.447061 0.227906 0.539696
0 0.54275 0.708021 0.200906 0.462927
0 0.778031 0.246311 0.0703125 0.0748244
0 0.0304219 0.454391 0.0608437 0.319555
0 0.222312 0.0994262 0.0612812 0.134543
0 0.223867 0.0307845 0.0433906 0.0599297
0 0.1825 0.084555 0.0476562 0.119649
0 0.151602 0.0444848 0.0493594 0.0815691
0 0.456883 0.158115 0.0418281 0.0626932
0 0.468977 0.19637 0.0669219 0.0947541
0 0.296063 0.0744848 0.0309063 0.0540281
0 0.963719 0.0642037 0.0527188 0.118525
0 0.499172 0.210316 0.05325 0.113372
