4 0.0571328 0.366241 0.0872344 0.0233958
0 0.504977 0.839789 0.0394844 0.118782
0 0.438445 0.892998 0.0422656 0.081452
0 0.662703 0.802576 0.055625 0.0964871
0 0.836703 0.92856 0.04675 0.130141
0 0.87543 0.898981 0.0423281 0.0974941
0 0.874672 0.952611 0.0310937 0.0947775
0 0.905672 0.937927 0.0325312 0.124145
0 0.12018 0.946686 0.0626094 0.0777752
0 0.204805 0.823525 0.0367656 0.160164
0 0.135562 0.772248 0.0150625 0.0471194
0 0.153125 0.823232 0.0232812 0.142201
0 0.175422 0.81452 0.0338125 0.115222
0 0.282187 0.809087 0.0328437 0.138735
