0 0.681047 0.542594 0.17825 0.434979
0 0.524617 0.604354 0.190922 0.319333
0 0.818195 0.330302 0.107859 0.133437
0 0.605016 0.32074 0.0670625 0.120063
0 0.733148 0.0314583 0.0842656 0.0629167
0 0.407023 0.3 0.102797 0.123583
0 0.681539 0.325083 0.0815781 0.110542
0 0.538484 0.0179792 0.0724687 0.0359583
0 0.267133 0.515729 0.143266 0.39775
0 0.915797 0.0396667 0.0715937 0.0787083
0 0.982266 0.405187 0.0309375 0.045625
0 0.539141 0.322042 0.0623125 0.10125
0 0.140734 0.148281 0.0681563 0.295646
