2 0.142836 0.797181 0.280609 0.357306
2 0.580141 0.732764 0.28525 0.181361
2 0.428734 0.664944 0.0616563 0.0891111
0 0.327437 0.688333 0.0211875 0.0813889
0 0.260023 0.683444 0.0197344 0.0891111
0 0.980914 0.684792 0.0239219 0.120806
2 0.660914 0.660819 0.0913281 0.06275
0 0.393719 0.683139 0.016875 0.0933333
0 0.555734 0.679625 0.0276563 0.0384722
0 0.298664 0.682208 0.0158594 0.0858056
0 0.849508 0.681514 0.00823437 0.0439167
0 0.23032 0.681014 0.0220781 0.0949722
0 0.271266 0.679736 0.0171875 0.0893611
0 0.453609 0.679944 0.0185625 0.0762778
0 0.239055 0.674056 0.0137969 0.0619444
0 0.712734 0.670111 0.0162188 0.0558889
6 0.0362109 0.605292 0.0719531 0.0571389
0 0.741133 0.696264 0.0240156 0.109472
6 0.879547 0.729875 0.195781 0.181806
4 0.519313 0.63575 0.132156 0.131278
