0 0.24843 0.566358 0.154922 0.255808
0 0.362352 0.554368 0.103766 0.303208
0 0.496023 0.0703396 0.126266 0.122506
0 0.874633 0.684485 0.132172 0.51548
0 0.82768 0.168337 0.0571406 0.0799063
0 0.828781 0.124684 0.05425 0.134239
0 0.963828 0.546393 0.070875 0.295222
0 0.225445 0.591335 0.147797 0.211944
0 0.41957 0.215316 0.0610156 0.204871
0 0.603656 0.104309 0.0736563 0.160656
0 0.522336 0.245246 0.0511094 0.150258
0 0.992047 0.160808 0.0159063 0.0936066
0 0.209203 0.140761 0.07575 0.13356
