0 0.913992 0.473381 0.0775469 0.336974
0 0.85518 0.46182 0.0611719 0.359905
0 0.793219 0.45208 0.0734687 0.353475
0 0.738375 0.478995 0.0555937 0.289527
0 0.688609 0.446596 0.0616875 0.323924
0 0.105453 0.464043 0.0861563 0.339338
0 0.176602 0.460402 0.0649531 0.327943
0 0.52082 0.462435 0.0547656 0.289976
0 0.473898 0.448097 0.0533906 0.306123
0 0.411102 0.461407 0.0738594 0.300969
0 0.249523 0.44831 0.0712969 0.330331
0 0.578773 0.431986 0.0778281 0.345532
0 0.310453 0.452388 0.0661875 0.330024
