0 0.336664 0.635188 0.0123906 0.0231455
0 0.505883 0.605763 0.0187031 0.0723709
0 0.824039 0.756444 0.0321094 0.0709155
0 0.040875 0.821232 0.0645938 0.080446
0 0.498219 0.509202 0.00815625 0.0105164
0 0.587625 0.530106 0.0065625 0.0155164
0 0.379961 0.615563 0.0205469 0.0787324
0 0.620695 0.519542 0.00929687 0.0108216
0 0.177305 0.881702 0.107047 0.138005
0 0.262234 0.805986 0.0557187 0.0756338
0 0.764766 0.761103 0.0473125 0.029108
0 0.469594 0.582324 0.00959375 0.013615
0 0.669359 0.525329 0.00525 0.0108451
