2 0.94679 0.631213 0.0431 0.0314933
2 0.97413 0.638787 0.03322 0.0366133
2 0.89149 0.625307 0.03766 0.0293867
2 0.92196 0.63164 0.02332 0.0374667
0 0.63624 0.765173 0.059 0.20448
0 0.73656 0.66992 0.06968 0.18096
0 0.3672 0.62592 0.01968 0.0693333
0 0.33034 0.791013 0.1382 0.417973
0 0.14747 0.746067 0.08594 0.47192
0 0.80057 0.804493 0.13146 0.36856
0 0.61311 0.675053 0.06362 0.17512
0 0.42635 0.641493 0.0541 0.115627
0 0.38663 0.6366 0.02546 0.0920267
0 0.48202 0.786507 0.1146 0.4
0 0.69804 0.799867 0.1134 0.399627
0 0.86347 0.674333 0.05662 0.197467
2 0.22275 0.78176 0.4455 0.35424
3 0.95484 0.650373 0.01412 0.03216
