1 0.916039 0.622212 0.0515469 0.114125
0 0.561914 0.647738 0.0722031 0.200225
0 0.621406 0.648713 0.0502187 0.199625
0 0.675281 0.646288 0.0505 0.204625
0 0.717289 0.643512 0.0477656 0.187825
0 0.241672 0.550525 0.0170625 0.0641
0 0.82607 0.574688 0.0403281 0.162625
0 0.0859219 0.5938 0.02075 0.1079
0 0.253883 0.548087 0.0141406 0.058475
0 0.361703 0.541913 0.0115 0.055525
0 0.374938 0.539275 0.0134375 0.05615
2 0.777891 0.553813 0.0514375 0.067775
2 0.159133 0.551687 0.0537031 0.040375
2 0.120125 0.552163 0.033625 0.037125
2 0.0789062 0.548288 0.0329688 0.037475
2 0.0302578 0.5555 0.0605156 0.05575
2 0.741688 0.5342 0.0337187 0.0571
0 0.411758 0.59715 0.0365781 0.11505
2 0.868555 0.5628 0.0554531 0.07315
0 0.552352 0.52735 0.0128906 0.05345
