2 0.0227266 0.667705 0.0454531 0.308384
3 0.67682 0.649403 0.227422 0.451452
3 0.483461 0.366616 0.0960781 0.159321
3 0.403328 0.323864 0.0782188 0.136581
3 0.337539 0.279895 0.0707344 0.14082
3 0.181383 0.258091 0.0397344 0.09726
6 0.0525234 0.165808 0.0816406 0.158033
0 0.584297 0.243419 0.0385937 0.147588
0 0.480539 0.264122 0.0689219 0.0875878
0 0.118727 0.196393 0.0335156 0.104309
0 0.182922 0.193724 0.0365625 0.0555035
0 0.484625 0.205059 0.02175 0.0963466
0 0.874594 0.27603 0.0342187 0.154871
0 0.828391 0.263173 0.0475625 0.152389
0 0.679953 0.359227 0.157781 0.213958
0 0.992172 0.270761 0.0156563 0.152014
0 0.333195 0.215258 0.0403594 0.0750585
0 0.374484 0.189625 0.0239063 0.0733021
0 0.10757 0.198817 0.0168281 0.0899532
0 0.932289 0.283642 0.0382656 0.144286
