0 0.193547 0.860468 0.0654062 0.266323
0 0.644164 0.777178 0.0294844 0.117822
0 0.616664 0.760644 0.0177969 0.0583841
0 0.0812031 0.839496 0.0607812 0.278009
0 0.502805 0.752447 0.0161406 0.068829
0 0.556891 0.747623 0.0122813 0.0510773
0 0.715109 0.740433 0.0103125 0.0390398
0 0.691625 0.737728 0.0199375 0.04
0 0.581172 0.753431 0.021875 0.0672365
0 0.734281 0.728817 0.0050625 0.027377
0 0.721102 0.737178 0.00867187 0.0465808
0 0.606352 0.753115 0.0127344 0.0608431
0 0.738406 0.720199 0.00571875 0.0110773
