0 0.538984 0.552974 0.108312 0.207073
0 0.75643 0.561768 0.0640781 0.182037
0 0.707664 0.58877 0.0989531 0.148314
0 0.56007 0.302681 0.0808281 0.146674
0 0.687953 0.241991 0.0460938 0.0754567
0 0.792164 0.261159 0.0342969 0.0586183
0 0.822883 0.263208 0.0342656 0.0647775
0 0.866219 0.267998 0.0524063 0.0630211
0 0.845305 0.233548 0.0414219 0.0860187
0 0.720914 0.248923 0.0336719 0.072459
0 0.904172 0.198981 0.0409062 0.0955269
0 0.757484 0.252143 0.037125 0.0693443
0 0.945656 0.196171 0.0473125 0.109016
