0 0.57268 0.601072 0.223047 0.449234
0 0.758805 0.667495 0.190766 0.262166
0 0.749953 0.182363 0.0718437 0.105952
0 0.392633 0.204792 0.0767344 0.0899344
0 0.38993 0.434825 0.0706094 0.177527
0 0.431234 0.13791 0.0649062 0.119059
0 0.918164 0.632462 0.141047 0.366193
0 0.299078 0.436488 0.12725 0.167724
0 0.893531 0.220449 0.111469 0.0902626
0 0.667734 0.455897 0.0895937 0.198315
0 0.835883 0.429836 0.0974531 0.224486
0 0.954828 0.454409 0.0601563 0.131444
0 0.738305 0.453611 0.0681094 0.197681
