2 0.0639922 0.609731 0.127984 0.195433
0 0.443578 0.689543 0.11925 0.402459
0 0.361437 0.656148 0.0732812 0.426066
0 0.575672 0.647728 0.0649687 0.324262
0 0.719953 0.623197 0.070875 0.398946
0 0.526977 0.604906 0.0684531 0.214215
0 0.484609 0.61267 0.041875 0.25733
0 0.604789 0.499473 0.0267969 0.051452
0 0.563984 0.544251 0.024625 0.148595
0 0.651016 0.550761 0.0634375 0.141007
6 0.385234 0.546651 0.372781 0.335597
2 0.0178437 0.490176 0.0341875 0.0396019
2 0.677547 0.523162 0.0539063 0.0679157
