0 0.0847189 0.831961 0.0959467 0.179141
0 0.161346 0.862273 0.152278 0.200703
0 0.969482 0.813391 0.0610355 0.145625
0 0.798107 0.756336 0.0674556 0.0637656
0 0.904882 0.733133 0.0194675 0.0192344
0 0.874704 0.852 0.111598 0.199219
0 0.776642 0.853547 0.133343 0.184875
0 0.632485 0.804758 0.108343 0.135141
0 0.862722 0.73325 0.0178698 0.0249688
0 0.940251 0.775781 0.0609763 0.0988437
0 0.929053 0.731422 0.0178107 0.0344062
0 0.404246 0.742492 0.0418047 0.0625156
0 0.518314 0.844422 0.114201 0.174219
