0 0.132016 0.564985 0.184219 0.631883
0 0.750578 0.361327 0.0889687 0.288765
0 0.341117 0.63375 0.238828 0.532747
0 0.0562188 0.46662 0.0384062 0.222068
0 0.824242 0.375154 0.0947656 0.245988
0 0.764906 0.180571 0.063875 0.130154
0 0.703422 0.192809 0.050125 0.137716
0 0.717281 0.106744 0.0420937 0.213488
0 0.976859 0.373534 0.0462813 0.277685
2 0.271938 0.22463 0.126219 0.0711111
2 0.0182891 0.274923 0.0365781 0.0529321
2 0.563141 0.231034 0.0707812 0.0289815
6 0.240641 0.22534 0.183875 0.0695062
0 0.929453 0.371914 0.0819062 0.27642
0 0.683766 0.529877 0.228813 0.592222
