2 0.771617 0.412486 0.0357344 0.0510278
2 0.708031 0.407306 0.034875 0.0379444
0 0.167711 0.372972 0.0367031 0.110111
0 0.388828 0.382278 0.0270625 0.0962222
0 0.886289 0.439875 0.0304844 0.133194
0 0.513266 0.384264 0.0917188 0.316361
0 0.481914 0.352111 0.0231719 0.0587778
0 0.792617 0.439444 0.0266406 0.127611
0 0.452148 0.329597 0.0280469 0.09025
0 0.358156 0.36075 0.0196875 0.056
0 0.658789 0.355139 0.0717969 0.183556
0 0.737289 0.453681 0.0330781 0.176417
0 0.421969 0.395583 0.0445625 0.163944
0 0.585656 0.333819 0.05225 0.148194
0 0.334797 0.372597 0.0445938 0.125639
2 0.720922 0.400111 0.0122813 0.0221111
