0 0.508102 0.485211 0.349547 0.864426
0 0.107914 0.376464 0.0919844 0.102857
0 0.221734 0.369567 0.107031 0.11918
0 0.690133 0.380199 0.0458594 0.0876581
0 0.819578 0.365644 0.0639687 0.121733
0 0.922992 0.358747 0.0717969 0.130047
0 0.977273 0.223513 0.0454531 0.0257611
0 0.952898 0.0596487 0.0688906 0.119297
0 0.596727 0.375281 0.0989531 0.107845
0 0.170242 0.779426 0.138203 0.386487
0 0.0477812 0.786874 0.0955625 0.366159
0 0.184391 0.227693 0.0725313 0.340632
0 0.335586 0.365012 0.0692031 0.125293
