0 0.52857 0.286222 0.0181094 0.0849444
0 0.369133 0.297292 0.0195469 0.0838056
0 0.0891797 0.850667 0.0392031 0.198111
0 0.087875 0.669111 0.0609375 0.110278
0 0.765289 0.514736 0.0373281 0.106694
0 0.66918 0.327833 0.0309531 0.079
0 0.138328 0.674625 0.047875 0.0890278
0 0.279461 0.205042 0.0125156 0.0204167
0 0.180703 0.625208 0.0397813 0.111028
0 0.173031 0.244042 0.0139063 0.0249722
0 0.545109 0.969861 0.0434375 0.0602778
0 0.629164 0.144806 0.0119531 0.0351111
0 0.308203 0.192806 0.0182187 0.0263889
