0 0.599414 0.64174 0.165859 0.716521
0 0.749398 0.648895 0.181203 0.70221
0 0.555008 0.228862 0.0842031 0.248359
0 0.676336 0.317626 0.108391 0.233501
0 0.253414 0.296652 0.132484 0.339694
0 0.439211 0.643096 0.171953 0.713807
0 0.788047 0.331575 0.110312 0.336674
0 0.355805 0.408282 0.117422 0.363392
0 0.343766 0.166466 0.0745313 0.166105
0 0.440812 0.173982 0.138594 0.218468
0 0.422672 0.272648 0.124875 0.262319
0 0.728781 0.19953 0.0665937 0.202779
0 0.517023 0.352068 0.114609 0.263742
