2 0.544719 0.939192 0.169813 0.0990867
0 0.600648 0.738595 0.0270156 0.122295
0 0.558344 0.667389 0.0252188 0.107845
0 0.766773 0.869473 0.0603594 0.1574
0 0.770641 0.727658 0.022 0.115785
0 0.788469 0.858677 0.0272812 0.146066
0 0.625203 0.78308 0.0365938 0.154871
0 0.672609 0.860785 0.0412813 0.148173
0 0.604602 0.678817 0.0313594 0.0972131
0 0.270203 0.968173 0.0398125 0.0636534
0 0.541344 0.675703 0.0125625 0.0570258
0 0.54075 0.644696 0.0115625 0.0262998
0 0.525344 0.660796 0.0237813 0.114754
0 0.549398 0.824227 0.0283281 0.139227
