0 0.322258 0.671604 0.216578 0.390167
0 0.278406 0.474062 0.04475 0.177042
0 0.323273 0.441719 0.0425156 0.127438
0 0.0528203 0.481385 0.0522969 0.133146
0 0.970602 0.418687 0.0300156 0.100042
0 0.093625 0.389406 0.0169687 0.0581875
0 0.142234 0.39549 0.00640625 0.0528125
0 0.627164 0.400396 0.0251719 0.0922083
0 0.349914 0.364479 0.00742187 0.0255833
0 0.274383 0.376125 0.0106719 0.035875
0 0.659359 0.365292 0.0063125 0.0354167
0 0.879484 0.365208 0.0135937 0.03625
0 0.909672 0.366823 0.0112812 0.0412292
