2 0.840164 0.434823 0.291578 0.119104
2 0.0540625 0.384854 0.106937 0.106708
2 0.204227 0.371219 0.0733906 0.0328125
2 0.248 0.363771 0.0478125 0.02725
2 0.114258 0.370302 0.0358281 0.0271875
2 0.541156 0.352865 0.0660625 0.0270208
2 0.416906 0.358427 0.0189687 0.0168542
2 0.884781 0.366927 0.071 0.0247292
2 0.945312 0.365885 0.0525 0.0273125
2 0.970336 0.364344 0.0345469 0.0248542
2 0.313484 0.36599 0.0316563 0.0318125
2 0.163258 0.366073 0.0327969 0.0313958
6 0.0513203 0.383729 0.102641 0.098875
2 0.278844 0.360354 0.0230625 0.0127917
