2 0.222164 0.344716 0.133391 0.0769697
2 0.0797656 0.334602 0.158656 0.0877652
2 0.629117 0.373343 0.0596719 0.0561553
0 0.300406 0.564706 0.119 0.482405
0 0.541344 0.582017 0.118656 0.498883
0 0.653547 0.612453 0.132812 0.444754
0 0.410648 0.524716 0.124203 0.402235
0 0.800984 0.804195 0.358875 0.39161
0 0.0389375 0.688759 0.0741563 0.595511
0 0.747133 0.579773 0.111234 0.395492
0 0.403492 0.85392 0.307703 0.292159
2 0.564523 0.348371 0.0156406 0.020303
2 0.512992 0.344716 0.0254844 0.0264015
6 0.468938 0.348797 0.049375 0.0582765
0 0.67718 0.353523 0.00939062 0.03375
