0 0.156578 0.575483 0.0891875 0.305411
0 0.139867 0.510894 0.0976406 0.387729
0 0.302555 0.416292 0.0891406 0.219976
0 0.660633 0.392983 0.0798594 0.174517
0 0.715563 0.381643 0.0739375 0.19628
0 0.404242 0.590386 0.0727656 0.253333
0 0.463836 0.592923 0.0675781 0.240145
0 0.590961 0.571957 0.109484 0.290338
0 0.237039 0.40901 0.0643594 0.219324
0 0.425367 0.424324 0.0668281 0.235604
0 0.538023 0.403732 0.0706719 0.211184
0 0.600047 0.419541 0.054125 0.248744
0 0.360305 0.411739 0.0658906 0.228889
