2 0.04127 0.260173 0.04866 0.0234933
0 0.56056 0.681613 0.186 0.313147
0 0.40137 0.6308 0.11298 0.348213
0 0.07077 0.48412 0.07966 0.1868
0 0.40478 0.415067 0.06044 0.10288
0 0.39544 0.22412 0.01544 0.0638133
0 0.5744 0.213013 0.01276 0.0601067
0 0.3251 0.237827 0.01236 0.0218933
0 0.74611 0.213533 0.01182 0.0413067
0 0.25261 0.24984 0.01614 0.02816
0 0.9038 0.293387 0.03776 0.11424
0 0.81034 0.259987 0.01564 0.0248267
0 0.68777 0.257213 0.01362 0.0358667
0 0.7344 0.21396 0.01476 0.03592
