0 0.163 0.534844 0.0249062 0.0459792
0 0.212219 0.525115 0.0199063 0.0824792
0 0.789156 0.486698 0.0143125 0.0514792
2 0.553164 0.515823 0.0892656 0.108021
2 0.292016 0.664312 0.176875 0.224125
2 0.380875 0.570396 0.0864062 0.0920417
0 0.0373437 0.803323 0.0746875 0.275438
0 0.168102 0.689344 0.0489844 0.196687
0 0.970703 0.690115 0.0585938 0.180854
0 0.503008 0.450771 0.0127031 0.038375
2 0.539641 0.47301 0.0545 0.0526042
2 0.84882 0.638823 0.144703 0.157646
2 0.758125 0.562833 0.103062 0.121583
2 0.432937 0.49326 0.0804062 0.0771042
2 0.705305 0.550542 0.0530156 0.0895417
2 0.788328 0.598542 0.105813 0.128458
2 0.349891 0.626594 0.083625 0.153396
2 0.380398 0.61075 0.0551406 0.121583
2 0.647234 0.479927 0.0579375 0.0733958
2 0.37143 0.581427 0.0893594 0.0935625
6 6.0 6.0 6.0 6.0
6 6.0 6.0 6.0 6.0
