5 5.0 5.0 5.0 5.0
6 6.0 6.0 6.0 6.0
2 0.0481406 0.575604 0.095375 0.084125
2 0.0521875 0.54676 0.104375 0.0683125
2 0.0467891 0.52549 0.0935781 0.0466042
2 0.927078 0.47751 0.0617812 0.0366875
2 0.869625 0.467865 0.046 0.0307708
2 0.962844 0.478979 0.05675 0.0445833
2 0.817305 0.457635 0.0560469 0.0315625
2 0.0480859 0.514635 0.0935781 0.0455208
2 0.02875 0.488156 0.0559375 0.0326042
2 0.881969 0.468406 0.236063 0.0708958
2 0.888539 0.469948 0.0539219 0.0348542
2 0.760742 0.45149 0.0183281 0.0114375
2 0.968688 0.4485 0.0609688 0.028
5 5.0 5.0 5.0 5.0
5 5.0 5.0 5.0 5.0
