0 0.906773 0.529239 0.0651719 0.173981
0 0.805836 0.537658 0.0652344 0.241311
0 0.691063 0.66363 0.125375 0.190164
0 0.613836 0.666358 0.110984 0.169813
0 0.525687 0.680773 0.113281 0.167307
0 0.449719 0.682822 0.118844 0.181054
0 0.346734 0.70192 0.0875 0.179532
0 0.274984 0.69055 0.068875 0.134871
0 0.252 0.691218 0.0559375 0.112834
0 0.101953 0.716862 0.0929688 0.197752
0 0.901461 0.6587 0.0773594 0.121756
0 0.741258 0.601698 0.0527031 0.0944965
0 0.763594 0.652681 0.0794688 0.0948244
