6 0.46695 0.0933333 0.07558 0.104267
6 0.3153 0.08632 0.09248 0.0919467
6 0.39478 0.0989067 0.07748 0.118667
6 0.54611 0.0830267 0.05338 0.06376
6 0.22237 0.0868267 0.07574 0.09248
6 0.60661 0.083 0.07946 0.0791733
6 0.68658 0.0782933 0.08076 0.06128
0 0.58131 0.17164 0.03198 0.185253
0 0.59474 0.165733 0.02964 0.145173
0 0.61885 0.1414 0.0219 0.0977333
0 0.65854 0.18052 0.06572 0.235653
0 0.73489 0.18032 0.04246 0.197547
0 0.94946 0.11808 0.01832 0.0338667
0 0.88625 0.138053 0.0381 0.0970667
0 0.30912 0.1398 0.03272 0.08136
0 0.20182 0.142027 0.01944 0.0785067
6 0.83931 0.0861867 0.13278 0.0743467
0 0.25639 0.14064 0.02682 0.08688
0 0.10332 0.152907 0.02472 0.08976
0 0.07523 0.15348 0.02678 0.08072
0 0.02319 0.144613 0.02674 0.09104
6 0.76127 0.0666533 0.05538 0.0395467
