2 0.923352 0.466458 0.0426406 0.0503333
0 0.471906 0.64101 0.094375 0.440437
0 0.114719 0.526292 0.0234375 0.103333
0 0.139461 0.532542 0.0257969 0.1175
0 0.166273 0.524125 0.0233594 0.105833
0 0.0815078 0.531104 0.0295469 0.118958
0 0.0574063 0.507167 0.0200625 0.0561667
0 0.0320391 0.538698 0.0281406 0.127729
0 0.0100313 0.545115 0.0195 0.141479
0 0.384148 0.629656 0.105109 0.420438
0 0.224234 0.647427 0.103906 0.459646
0 0.849094 0.687823 0.136 0.624354
0 0.938961 0.662865 0.120766 0.641562
