2 0.952789 0.593735 0.0944219 0.143536
6 0.668695 0.648489 0.498891 0.513513
0 0.336586 0.785609 0.187359 0.428782
0 0.489617 0.563689 0.162766 0.335902
0 0.847367 0.345574 0.0566406 0.165293
0 0.770875 0.706077 0.14125 0.558571
0 0.394984 0.42404 0.064625 0.492201
0 0.443313 0.41671 0.113031 0.471311
0 0.575391 0.3474 0.08875 0.329649
0 0.666375 0.325129 0.09775 0.361546
0 0.740211 0.368419 0.0987969 0.366534
0 0.486758 0.26397 0.0746406 0.257822
0 0.126953 0.62178 0.071625 0.280562
0 0.323758 0.42404 0.114984 0.458056
0 0.62632 0.675492 0.185016 0.530281
