1 0.3245 0.470083 0.0179063 0.0764167
2 0.124461 0.426719 0.248922 0.528021
2 0.256734 0.459094 0.0856563 0.152604
2 0.285008 0.441083 0.0405469 0.0975
2 0.337148 0.431583 0.0182656 0.0382083
2 0.374031 0.431052 0.0205625 0.0287708
2 0.395914 0.412125 0.0261406 0.0180833
0 0.485445 0.430229 0.0221406 0.0730833
0 0.469398 0.431896 0.0182656 0.062875
0 0.316992 0.431625 0.0333906 0.141333
2 0.371211 0.409927 0.0211406 0.0139375
2 0.362367 0.43076 0.0138594 0.0290625
2 0.449008 0.426646 0.0287031 0.0332917
2 0.354148 0.432406 0.0156094 0.0353542
2 0.204305 0.767687 0.408609 0.438667
0 0.14318 0.386219 0.142203 0.763646
