2 0.449547 0.493069 0.043375 0.0424464
2 0.725148 0.439742 0.0552344 0.0248069
2 0.0447422 0.433348 0.0578906 0.0309871
2 0.199836 0.333412 0.0175156 0.0190987
2 0.600742 0.331116 0.0330781 0.0180687
2 0.585484 0.325408 0.0250625 0.0175536
2 0.292047 0.444002 0.0400313 0.0283476
6 6.0 6.0 6.0 6.0
2 0.218234 0.278015 0.0230937 0.0132833
2 0.237961 0.310354 0.0215156 0.0123391
2 0.385102 0.311706 0.0172656 0.0251717
2 0.559266 0.301245 0.025125 0.0154506
2 0.237586 0.290193 0.0178906 0.0170815
