0 0.478391 0.413499 0.100781 0.24334
0 0.400867 0.43672 0.0667344 0.227396
0 0.336211 0.423787 0.0814844 0.196759
0 0.273336 0.430298 0.0802656 0.203499
0 0.197492 0.435378 0.0788906 0.209563
0 0.136875 0.583897 0.121875 0.435944
0 0.663859 0.412087 0.0925312 0.21332
0 0.345961 0.642316 0.123516 0.341014
0 0.852172 0.595507 0.153656 0.35507
0 0.739734 0.399344 0.0699687 0.195626
0 0.755914 0.602247 0.127172 0.350577
0 0.651375 0.604563 0.123 0.341372
0 0.444422 0.637028 0.107344 0.358986
