0 0.593268 0.912239 0.0601961 0.141765
0 0.809926 0.895196 0.0475327 0.111471
0 0.907933 0.93576 0.0739706 0.12848
0 0.210302 0.921283 0.0671732 0.157435
0 0.397745 0.936201 0.122418 0.126879
0 0.691373 0.848358 0.013268 0.0451144
0 0.371095 0.900106 0.0601961 0.119657
0 0.404943 0.851511 0.0432843 0.0730229
0 0.349224 0.813742 0.0104739 0.0271242
0 0.319485 0.825335 0.0208007 0.0570425
0 0.539085 0.913096 0.0399673 0.133252
0 0.711879 0.853056 0.0145752 0.0514052
0 0.394502 0.820792 0.019951 0.0409967
