0 0.154008 0.743292 0.113734 0.241375
0 0.380438 0.701771 0.03775 0.141333
0 0.870414 0.718083 0.0163906 0.086875
0 0.848078 0.722146 0.0290938 0.0835417
0 0.80325 0.715615 0.0179063 0.0702292
0 0.781594 0.729333 0.0128438 0.0504167
0 0.762883 0.716125 0.0170781 0.0639583
0 0.731836 0.707844 0.00967187 0.0491458
0 0.669312 0.702271 0.0126562 0.04375
0 0.20443 0.721708 0.0415781 0.0807083
0 0.601398 0.696458 0.0232344 0.0651667
0 0.411969 0.71924 0.039125 0.0841458
0 0.438484 0.68749 0.0125625 0.0231042
