1 0.194539 0.766168 0.290453 0.253035
0 0.722961 0.5525 0.0555156 0.246616
0 0.508453 0.571572 0.0472187 0.225721
0 0.836234 0.748308 0.164031 0.494389
0 0.0234844 0.632893 0.0469687 0.258406
0 0.767461 0.532205 0.0351719 0.188865
0 0.694609 0.522795 0.0414687 0.215066
0 0.658953 0.505491 0.0397188 0.173603
0 0.0215938 0.496507 0.0431875 0.0987336
0 0.433039 0.522609 0.0490469 0.21452
0 0.332039 0.58512 0.0744531 0.270677
0 0.176359 0.696212 0.106563 0.462642
0 0.156219 0.582194 0.0636875 0.312729
0 0.235258 0.548395 0.0563594 0.207271
