1 0.174187 0.578379 0.0224375 0.0505977
2 0.112852 0.569264 0.0368906 0.0758161
2 0.0592969 0.606586 0.115562 0.147655
2 0.139469 0.556218 0.037875 0.0506897
0 0.173805 0.557494 0.0226094 0.0850115
0 0.389969 0.534736 0.0198438 0.0411034
1 0.827633 0.69423 0.0509844 0.107356
2 0.376656 0.584 0.0500938 0.107678
2 0.202023 0.560632 0.0384844 0.057954
0 0.412453 0.583448 0.0152187 0.0730575
0 0.708891 0.70108 0.0134375 0.0697011
0 0.401164 0.56231 0.0142344 0.0432414
2 0.152211 0.532644 0.0252344 0.025977
