5 5.0 5.0 5.0 5.0
0 0.411055 0.795438 0.117453 0.342875
0 0.553625 0.767667 0.123281 0.464667
0 0.201781 0.640854 0.044875 0.175833
0 0.281297 0.748479 0.0827813 0.359625
0 0.257367 0.603094 0.0565781 0.115854
0 0.0159063 0.622448 0.0315 0.149604
0 0.356398 0.617917 0.0434844 0.162792
0 0.632859 0.665604 0.05225 0.325833
0 0.483586 0.574688 0.0329531 0.08375
0 0.235883 0.601812 0.0278594 0.095625
0 0.170227 0.606344 0.0243281 0.0911458
0 0.492031 0.639802 0.0503437 0.183938
0 0.134008 0.642854 0.0584531 0.176292
