0 0.723406 0.729215 0.388313 0.51459
0 0.785164 0.204813 0.0477344 0.14185
0 0.946133 0.532494 0.101391 0.226066
0 0.710156 0.2163 0.061625 0.0896019
0 0.786781 0.48055 0.100281 0.315948
0 0.565789 0.178244 0.0582656 0.119672
0 0.599422 0.174075 0.0611563 0.133068
0 0.422727 0.154297 0.0556719 0.127799
0 0.965977 0.25541 0.0554844 0.109555
0 0.924977 0.25192 0.0457344 0.0985012
0 0.890609 0.247049 0.0476562 0.091897
0 0.627133 0.179075 0.0639844 0.140585
0 0.861148 0.227787 0.0591406 0.110422
