2 0.209063 0.136395 0.0881875 0.0502791
0 0.336188 0.14636 0.0385313 0.0581163
0 0.666586 0.611395 0.285359 0.750558
0 0.183445 0.610105 0.255172 0.725837
0 0.404633 0.606744 0.214391 0.777535
0 0.0871094 0.238256 0.0473438 0.244884
0 0.148828 0.239198 0.0436563 0.241837
0 0.411656 0.152326 0.0161563 0.0364651
0 0.468203 0.16364 0.04175 0.0864419
0 0.227875 0.201605 0.048125 0.165488
0 0.606703 0.160116 0.0256875 0.0482791
0 0.633844 0.158279 0.0168437 0.0501395
0 0.436961 0.159802 0.0327031 0.0515581
2 0.391016 0.238453 0.307688 0.23286
