2 0.0737812 0.598427 0.13825 0.0635208
2 0.937398 0.612792 0.0687656 0.115
4 4.0 4.0 4.0 4.0
0 0.112227 0.613344 0.0315781 0.123896
0 0.279 0.644406 0.0449062 0.175146
0 0.235437 0.608646 0.0351875 0.119167
0 0.214711 0.585552 0.0166406 0.0656458
0 0.578477 0.567365 0.0382344 0.0535625
0 0.56675 0.260688 0.0483438 0.07525
0 0.542438 0.566063 0.0495625 0.0600833
0 0.151383 0.607437 0.0335156 0.127625
0 0.392023 0.277927 0.0435469 0.0469792
0 0.680102 0.562073 0.0294531 0.0647292
0 0.950695 0.558521 0.0228281 0.0802917
0 0.721938 0.566208 0.0423437 0.0455
0 0.670227 0.29826 0.0214531 0.0408125
