3 0.664229 0.454742 0.255935 0.101734
0 0.665047 0.62182 0.210794 0.168172
0 0.243388 0.606789 0.220607 0.215453
0 0.916647 0.490586 0.140631 0.162578
0 0.82243 0.395492 0.0809346 0.0994844
0 0.476495 0.431648 0.0628972 0.109266
0 0.870876 0.410313 0.0576402 0.0423125
0 0.22486 0.339031 0.0849065 0.0691563
0 0.765537 0.406516 0.0524299 0.055625
0 0.122301 0.338172 0.0425467 0.0244688
0 0.287886 0.327414 0.0434346 0.0271094
0 0.375082 0.486437 0.146472 0.191062
0 0.0476636 0.320492 0.0743925 0.0474844
0 0.972991 0.424781 0.0520093 0.0539687
