0 0.633703 0.475281 0.350562 0.671896
0 0.586797 0.464677 0.225813 0.658729
0 0.478469 0.443458 0.157406 0.63875
0 0.388492 0.458479 0.0900469 0.549792
0 0.299359 0.443979 0.111187 0.47975
0 0.170227 0.443448 0.131453 0.523604
0 0.0711563 0.467729 0.111344 0.505792
0 0.84575 0.428604 0.154562 0.621458
0 0.961469 0.437646 0.0770625 0.592958
0 0.928195 0.372573 0.0756406 0.462229
0 0.694234 0.19524 0.0620625 0.0903125
0 0.258797 0.263729 0.0297187 0.0695833
0 0.349875 0.261146 0.0276875 0.0674167
