2 0.799031 0.693689 0.401938 0.592342
6 0.226391 0.321206 0.084 0.171452
0 0.430023 0.523817 0.289359 0.571756
0 0.149773 0.501358 0.111953 0.308384
0 0.852156 0.414297 0.0820937 0.169016
0 0.951352 0.320867 0.0488594 0.0995785
0 0.696742 0.407553 0.0530156 0.21918
0 0.836969 0.352354 0.0447813 0.111639
0 0.40925 0.339438 0.0410313 0.0614988
0 0.384609 0.347998 0.0150625 0.0612881
0 0.363789 0.360234 0.0277344 0.105105
0 0.940469 0.394169 0.0638125 0.0924122
0 0.316617 0.359297 0.00939062 0.0640749
