0 0.467469 0.426938 0.506844 0.785375
0 0.738883 0.281323 0.0433594 0.0474375
0 0.602375 0.282729 0.0555937 0.156708
0 0.650625 0.327531 0.0322812 0.0792292
0 0.559359 0.268906 0.0319375 0.103896
0 0.362531 0.251469 0.011875 0.0798542
0 0.656742 0.28475 0.0122344 0.031875
0 0.698266 0.320583 0.0454688 0.214125
0 0.63925 0.27201 0.02325 0.0371875
0 0.891625 0.257875 0.025875 0.067125
0 0.758273 0.254625 0.0292031 0.0650833
0 0.682078 0.238198 0.00771875 0.0423542
0 0.671227 0.232833 0.0144219 0.0354167
