0 0.598641 0.461271 0.246937 0.414125
0 0.937602 0.558344 0.124797 0.250146
0 0.855547 0.379698 0.0615 0.177229
0 0.741086 0.36699 0.104547 0.119396
0 0.298523 0.390542 0.0594219 0.0635833
0 0.546594 0.410677 0.0601563 0.0567292
0 0.540125 0.310542 0.0820625 0.117125
0 0.294156 0.546937 0.044875 0.0598333
0 0.453352 0.324781 0.0808594 0.126521
0 0.389867 0.275437 0.0628906 0.101958
0 0.460203 0.40001 0.0594063 0.0621042
0 0.455648 0.365708 0.0685156 0.103333
0 0.680281 0.352365 0.0815625 0.144687
