4 0.48568 0.61136 0.42076 0.367733
0 0.87406 0.681787 0.03152 0.1784
0 0.76935 0.68228 0.05226 0.158907
0 0.72359 0.684067 0.03802 0.152667
0 0.21605 0.688853 0.04646 0.147787
0 0.9203 0.71752 0.06328 0.205547
0 0.16212 0.687813 0.05132 0.147413
0 0.75475 0.61304 0.01258 0.0258133
0 0.7208 0.612893 0.0188 0.0315467
0 0.70608 0.630907 0.01376 0.0571733
0 0.85798 0.684453 0.02232 0.16656
5 0.48796 0.613587 0.41668 0.372827
0 0.69874 0.68804 0.01416 0.122907
0 0.9693 0.68572 0.03944 0.14776
