0 0.484273 0.602237 0.119953 0.449438
0 0.564625 0.253513 0.0308125 0.0949415
0 0.205594 0.538817 0.0542188 0.0869087
0 0.381453 0.23418 0.0293125 0.0602576
0 0.55875 0.452541 0.0491875 0.175574
0 0.479156 0.202834 0.0358125 0.0840749
0 0.64282 0.379801 0.0422031 0.167799
0 0.260844 0.545843 0.034875 0.0763232
0 0.838211 0.461429 0.0431719 0.14815
0 0.345586 0.238197 0.0314844 0.0808899
0 0.486344 0.32719 0.0419375 0.0764403
0 0.340922 0.542354 0.0492187 0.0781499
0 0.529375 0.230492 0.0339375 0.0665574
