0 0.648438 0.934367 0.0494167 0.117609
0 0.835156 0.910313 0.105021 0.179375
0 0.760917 0.911344 0.112167 0.169219
0 0.294427 0.931688 0.0923958 0.136625
0 0.438458 0.942492 0.0576667 0.115016
0 0.266594 0.887695 0.0219792 0.0323594
0 0.0274375 0.928562 0.054875 0.14075
0 0.137458 0.939875 0.0627917 0.118906
0 0.483552 0.938266 0.0652708 0.123469
0 0.20375 0.938672 0.0449167 0.118656
0 0.93601 0.920461 0.0935625 0.159078
0 0.230948 0.938547 0.0346458 0.122906
0 0.0789792 0.951875 0.03375 0.0667188
