2 0.781641 0.743345 0.102219 0.0836854
6 6.0 6.0 6.0 6.0
2 0.507672 0.761901 0.0288125 0.0823005
2 0.990141 0.774871 0.0197188 0.0642488
0 0.317664 0.780634 0.0331406 0.211502
0 0.178898 0.813451 0.0691406 0.235775
0 0.700523 0.784648 0.0506406 0.177934
0 0.57332 0.78392 0.0304219 0.166901
0 0.120266 0.787958 0.0439375 0.214695
0 0.259898 0.800481 0.0522969 0.20331
0 0.282195 0.78696 0.0300469 0.183122
0 0.631016 0.69689 0.0275938 0.140493
4 4.0 4.0 4.0 4.0
0 0.333281 0.740692 0.01 0.0673474
0 0.332758 0.706678 0.0142656 0.0649531
4 4.0 4.0 4.0 4.0
