2 0.12368 0.374325 0.134578 0.0629412
2 0.976937 0.414314 0.0447188 0.0538126
0 0.394852 0.604499 0.235297 0.791002
0 0.929625 0.500065 0.0582187 0.218649
0 0.609289 0.514434 0.0547344 0.296885
0 0.672305 0.452658 0.0284219 0.10061
0 0.518641 0.438279 0.0689063 0.119216
0 0.320688 0.466765 0.081125 0.322898
0 0.25475 0.461122 0.0490938 0.288519
0 0.805547 0.549041 0.09375 0.172723
0 0.558016 0.431438 0.0615313 0.124096
0 0.223758 0.476046 0.0630469 0.317582
0 0.490664 0.549172 0.0813594 0.170893
0 0.705625 0.403834 0.0103438 0.0627451
0 0.740477 0.385763 0.0165469 0.0357081
