0 0.544052 0.447578 0.544778 0.419594
0 0.649403 0.68025 0.0964637 0.116656
0 0.551241 0.70957 0.10726 0.148141
0 0.446288 0.71618 0.103255 0.153359
0 0.282506 0.693539 0.0777049 0.248453
0 0.178653 0.701617 0.123302 0.229984
0 0.359391 0.722992 0.0796253 0.150172
0 0.533852 0.59707 0.0505152 0.0584219
0 0.0582436 0.601906 0.0589696 0.0475313
0 0.480422 0.600813 0.04 0.0557813
0 0.647482 0.601117 0.0315925 0.0507031
0 0.0339578 0.701594 0.0679157 0.1595
0 0.104895 0.59818 0.0581265 0.0514531
