4 0.502266 0.528838 0.698219 0.456183
0 0.269906 0.526994 0.04425 0.0826013
0 0.45668 0.491258 0.0322344 0.0637953
0 0.577188 0.461322 0.028875 0.0479744
2 0.93082 0.266258 0.0482031 0.043049
2 0.975047 0.292537 0.0499062 0.0540725
0 0.382828 0.507878 0.0259375 0.0964819
0 0.712258 0.425682 0.0290781 0.0396802
0 0.406586 0.514168 0.0358906 0.051322
2 0.979117 0.387633 0.0417656 0.0780384
2 0.991437 0.327729 0.017125 0.0459488
2 0.571523 0.180288 0.0294844 0.0247974
2 0.634656 0.229765 0.0409687 0.0201279
2 0.643078 0.182132 0.0237813 0.0188486
0 0.646781 0.442623 0.037 0.0543284
0 0.621766 0.450576 0.0170937 0.0466525
