0 0.32068 0.526677 0.0396406 0.187063
0 0.357133 0.534781 0.0418594 0.189062
0 0.288469 0.534552 0.0424375 0.198479
0 0.272906 0.530052 0.033 0.191937
0 0.761406 0.484312 0.0169375 0.0761667
0 0.725742 0.476719 0.0149219 0.0490208
0 0.87143 0.465146 0.0102969 0.0226667
0 0.991656 0.545073 0.0166875 0.166313
0 0.94768 0.472125 0.0140781 0.0327917
0 0.850891 0.476771 0.0208125 0.0445417
0 0.729516 0.456073 0.00821875 0.0202292
0 0.862883 0.46324 0.00595313 0.0185208
0 0.432312 0.635802 0.0173437 0.0477292
