0 0.841633 0.616614 0.0119219 0.0558201
0 0.492977 0.738704 0.0529531 0.140423
0 0.603938 0.592844 0.0102188 0.0543651
0 0.0906016 0.621772 0.0374531 0.0756085
0 0.442234 0.601812 0.0155 0.0386508
0 0.221391 0.609974 0.0142813 0.0751852
0 0.152688 0.801944 0.0485938 0.191138
0 0.165578 0.596799 0.02325 0.0529101
0 0.00840625 0.611587 0.0156875 0.0894709
0 0.148187 0.649656 0.021875 0.100899
0 0.375695 0.616389 0.0138906 0.0544709
0 0.189195 0.597606 0.0101406 0.0537302
0 0.512852 0.553082 0.0108281 0.0225132
