0 0.599922 0.514606 0.0479375 0.232234
0 0.707852 0.501553 0.0180469 0.0882979
0 0.687906 0.498298 0.0174687 0.096
0 0.174656 0.460883 0.0232187 0.0955106
0 0.240945 0.48034 0.0297031 0.141574
0 0.634281 0.494277 0.0165937 0.0974468
0 0.46375 0.503564 0.0268125 0.140915
0 0.0871797 0.432691 0.0247031 0.0467872
0 0.290945 0.489734 0.0350781 0.117128
0 0.444289 0.500543 0.0395469 0.153383
0 0.266914 0.488734 0.0253906 0.126234
0 0.213664 0.487138 0.0316094 0.11134
0 0.291266 0.418564 0.0141875 0.0363191
