0 0.120695 0.66123 0.0184531 0.0702342
0 0.132836 0.637354 0.0132656 0.0455738
0 0.0957344 0.607283 0.013625 0.0393911
0 0.143695 0.623513 0.0155781 0.0600937
0 0.119977 0.568513 0.0156719 0.025644
0 0.24732 0.512974 0.0103594 0.0534895
0 0.162805 0.482225 0.00945312 0.0407494
0 0.23343 0.513782 0.0117031 0.0535129
0 0.16993 0.572307 0.0206406 0.0585714
0 0.16718 0.530504 0.0155469 0.0399297
0 0.223719 0.523665 0.0122813 0.0522014
0 0.133578 0.51493 0.0142813 0.0597424
0 0.170148 0.483571 0.00992188 0.0471429
