0 0.169148 0.774198 0.0632344 0.212688
0 0.264578 0.780969 0.0652812 0.183896
0 0.160781 0.897208 0.0922813 0.161208
6 6.0 6.0 6.0 6.0
0 0.125008 0.932906 0.0639844 0.0924375
0 0.0739766 0.845531 0.0756094 0.308396
6 6.0 6.0 6.0 6.0
6 6.0 6.0 6.0 6.0
6 6.0 6.0 6.0 6.0
0 0.574102 0.726667 0.0258594 0.0634167
0 0.663258 0.722031 0.0262031 0.0446458
0 0.991047 0.739323 0.0179063 0.0803958
0 0.621008 0.732688 0.0138906 0.058625
0 0.378523 0.795521 0.0454219 0.1645
0 0.416953 0.714156 0.011875 0.0279375
0 0.637891 0.71999 0.0203438 0.0389792
