0 0.544023 0.898736 0.0363906 0.171806
0 0.789047 0.662903 0.014375 0.0549167
0 0.403227 0.652056 0.0317969 0.150722
0 0.383539 0.661736 0.0340469 0.154528
0 0.347117 0.643556 0.0187344 0.129167
0 0.645047 0.846903 0.0272812 0.131306
0 0.627758 0.856917 0.0220781 0.100944
0 0.536383 0.666569 0.00923437 0.0605833
0 0.357336 0.619694 0.0257344 0.148889
0 0.392172 0.506375 0.014125 0.0485278
0 0.377906 0.508542 0.0079375 0.0331944
0 0.446141 0.593097 0.0162188 0.0494167
0 0.453797 0.916889 0.0525937 0.166222
