0 0.864125 0.802094 0.0994063 0.140604
0 0.675016 0.711229 0.069125 0.0985417
0 0.361469 0.717417 0.0627188 0.047
0 0.132461 0.697729 0.0823594 0.069375
0 0.310461 0.688417 0.0338281 0.0448333
0 0.721039 0.635354 0.0312969 0.0386667
0 0.760023 0.639615 0.0441094 0.0571458
0 0.372 0.691573 0.0351875 0.0308958
0 0.0974453 0.688625 0.0343594 0.0455833
0 0.438266 0.640729 0.019375 0.0494167
0 0.0511406 0.702229 0.0665 0.131083
0 0.65475 0.645052 0.0224062 0.0581042
0 0.739859 0.71301 0.0580625 0.0978125
