0 0.579 0.334646 0.23025 0.665917
0 0.166477 0.362479 0.0605469 0.103125
0 0.674375 0.239271 0.0456875 0.158167
0 0.668687 0.381427 0.100469 0.149479
0 0.429492 0.375667 0.0697656 0.118667
0 0.369328 0.366563 0.0734062 0.123542
0 0.720898 0.387771 0.0992031 0.164042
0 0.83382 0.377792 0.0632344 0.115083
0 0.77418 0.285562 0.0709531 0.213667
0 0.988023 0.267854 0.0239531 0.12225
0 0.0564844 0.295063 0.0425937 0.165417
0 0.408969 0.374396 0.0752812 0.120708
0 0.404609 0.360896 0.0437813 0.08175
