0 0.310672 0.471885 0.0351875 0.0328571
0 0.467 0.684297 0.02825 0.138618
0 0.477555 0.770117 0.0547656 0.302061
0 0.53725 0.803443 0.050375 0.26089
0 0.594883 0.814133 0.0696406 0.281194
0 0.643164 0.775152 0.0559844 0.255082
0 0.767969 0.814005 0.0601875 0.268899
0 0.305859 0.856183 0.0629687 0.0808899
0 0.535695 0.716393 0.0511719 0.139813
0 0.317789 0.706347 0.0596719 0.167447
0 0.698742 0.801733 0.0538594 0.282389
0 0.0305781 0.713712 0.0611563 0.123162
0 0.774586 0.670457 0.0436719 0.0998829
