0 0.786398 0.552083 0.210703 0.5595
0 0.55743 0.486646 0.102297 0.120083
0 0.387789 0.293281 0.0238281 0.0616875
0 0.0322422 0.209542 0.0251406 0.0967917
0 0.196203 0.204729 0.00921875 0.0199583
0 0.111398 0.237333 0.0436719 0.0925
0 0.649211 0.354396 0.0375781 0.0508333
0 0.668516 0.396125 0.0462813 0.039125
0 0.481414 0.286531 0.0102031 0.0295208
0 0.700156 0.341052 0.00953125 0.0215208
0 0.220719 0.211354 0.00971875 0.02
0 0.55725 0.29125 0.0164687 0.0510833
0 0.394297 0.299677 0.012375 0.0467292
