0 0.192388 0.710117 0.0467059 0.0807656
0 0.266624 0.661461 0.0490118 0.0552969
0 0.314506 0.616266 0.0256706 0.0404062
0 0.794612 0.451289 0.0427294 0.0384844
0 0.146047 0.450359 0.0416471 0.041625
0 0.847694 0.453906 0.0422588 0.0429375
0 0.740553 0.452883 0.0236471 0.0290781
0 0.406871 0.720555 0.0213647 0.0330156
0 0.432776 0.727969 0.0211765 0.0403125
0 0.5906 0.759234 0.0254353 0.0445
0 0.419059 0.754844 0.0271529 0.0511875
0 0.742788 0.926758 0.0450588 0.0776719
0 0.0988 0.728391 0.0644235 0.0898438
