0 0.339493 0.68504 0.0351045 0.08404
0 0.290463 0.68446 0.0363284 0.06948
2 0.624955 0.73222 0.188657 0.08808
2 0.523403 0.67303 0.152299 0.0721
2 0.804179 0.67466 0.0995224 0.048
2 0.966836 0.67886 0.0663284 0.04824
2 0.702134 0.66378 0.0437313 0.02596
2 0.755687 0.66404 0.0327463 0.02892
2 0.916075 0.67485 0.09 0.0477
2 0.676224 0.65793 0.0510149 0.02962
0 0.31303 0.6825 0.0249851 0.073
2 0.600896 0.65687 0.0397015 0.02562
2 0.857045 0.66701 0.0483582 0.03322
2 0.730746 0.66777 0.0220299 0.01998
0 0.903239 0.64711 0.015791 0.00862
0 0.785627 0.64345 0.011194 0.01742
