1 0.914164 0.535406 0.0869219 0.0665208
1 0.958055 0.489146 0.0447656 0.075875
1 0.984492 0.724115 0.0310156 0.119813
2 0.745344 0.390479 0.0665 0.0380833
0 0.776344 0.526938 0.0573438 0.198625
0 0.689602 0.541438 0.0425469 0.188833
0 0.750844 0.762927 0.0926875 0.451688
0 0.553695 0.411094 0.0188594 0.0579375
0 0.0967812 0.70576 0.0665 0.309688
0 0.529531 0.39549 0.0140937 0.0304375
0 0.229406 0.677792 0.088375 0.23825
0 0.905797 0.467792 0.0708125 0.155708
0 0.391109 0.744708 0.0971875 0.28825
0 0.559555 0.79101 0.161797 0.368521
0 0.649148 0.404802 0.0255469 0.0574792
3 0.753672 0.403667 0.0513125 0.0369167
6 0.887609 0.380896 0.0435 0.0337917
0 0.882211 0.686406 0.114766 0.241229
1 0.650852 0.426677 0.0192656 0.0513542
2 0.789047 0.381406 0.0415937 0.0269792
3 0.802977 0.405021 0.0523281 0.04025
0 0.673359 0.389927 0.0080625 0.0206042
1 0.533219 0.437396 0.0114062 0.0274167
