1 0.827695 0.599368 0.114797 0.12548
1 0.925195 0.600328 0.0434219 0.0909602
1 0.311656 0.651417 0.219219 0.125129
3 0.620172 0.613478 0.356719 0.36466
4 4.0 4.0 4.0 4.0
0 0.317422 0.381382 0.142 0.387073
0 0.464133 0.563349 0.0553906 0.234239
0 0.600109 0.585375 0.0964375 0.391639
0 0.430648 0.50603 0.0372031 0.0860187
0 0.845445 0.516522 0.0371719 0.100023
0 0.813055 0.568009 0.0345469 0.195082
0 0.743055 0.537061 0.0400781 0.187143
0 0.781359 0.559883 0.0452188 0.171897
0 0.909734 0.564824 0.0412813 0.164356
0 0.989461 0.561288 0.0210781 0.166651
0 0.962109 0.557529 0.044375 0.193747
1 0.944102 0.618244 0.0140781 0.0344262
0 0.870211 0.559122 0.0291719 0.174871
0 0.929055 0.566511 0.0228594 0.144871
