6 6.0 6.0 6.0 6.0
6 6.0 6.0 6.0 6.0
6 6.0 6.0 6.0 6.0
0 0.456227 0.865736 0.120672 0.237674
0 0.838578 0.283424 0.0225938 0.118475
0 0.816773 0.276757 0.0338906 0.0752196
0 0.768016 0.251434 0.0322188 0.0749096
0 0.856633 0.299109 0.0306406 0.0732041
0 0.847461 0.382687 0.0572656 0.114574
0 0.763164 0.15801 0.0177656 0.0725065
0 0.746938 0.14407 0.0093125 0.034031
6 6.0 6.0 6.0 6.0
0 0.914578 0.0803101 0.0105313 0.0323514
6 6.0 6.0 6.0 6.0
6 6.0 6.0 6.0 6.0
6 6.0 6.0 6.0 6.0
6 6.0 6.0 6.0 6.0
6 6.0 6.0 6.0 6.0
6 6.0 6.0 6.0 6.0
6 6.0 6.0 6.0 6.0
6 6.0 6.0 6.0 6.0
0 0.930781 0.0885401 0.011875 0.0466925
0 0.804195 0.255866 0.0181406 0.0384496
0 0.929711 0.785568 0.140578 0.382093
6 6.0 6.0 6.0 6.0
