0 0.0843594 0.558616 0.145844 0.392242
0 0.196031 0.56925 0.145 0.38731
0 0.321727 0.570136 0.139203 0.380351
0 0.447023 0.576218 0.133453 0.369786
0 0.763789 0.436033 0.0842031 0.309688
0 0.695555 0.570663 0.142391 0.359688
0 0.857227 0.382749 0.105266 0.19961
0 0.684609 0.36346 0.1035 0.244542
0 0.604328 0.384191 0.109594 0.269045
0 0.102148 0.348129 0.103172 0.189747
0 0.571125 0.569776 0.137187 0.378265
0 0.188953 0.357281 0.107344 0.211326
0 0.845141 0.575468 0.171187 0.386374
