0 0.52043 0.626713 0.0557344 0.233706
0 0.452437 0.587179 0.0505938 0.242145
0 0.629305 0.616469 0.0693906 0.272937
0 0.131523 0.606935 0.0675156 0.236853
0 0.655961 0.599744 0.0607969 0.233986
0 0.64918 0.520408 0.0227656 0.0520047
0 0.980266 0.595396 0.0394688 0.242681
0 0.382031 0.589895 0.0613125 0.201702
0 0.337742 0.600909 0.0454219 0.209837
0 0.0152422 0.615513 0.0304844 0.246503
0 0.769688 0.610746 0.0516563 0.233753
0 0.854055 0.597622 0.0777969 0.214359
0 0.962914 0.581002 0.0330781 0.211795
