2 0.304406 0.73949 0.0954688 0.0853542
2 0.574375 0.738458 0.0547188 0.061375
2 0.47068 0.723083 0.0309219 0.0276667
0 0.808531 0.739667 0.0234062 0.083375
0 0.171914 0.74326 0.0467656 0.0850625
0 0.130477 0.713458 0.0211094 0.0364167
0 0.0973906 0.72249 0.0269688 0.0998958
2 0.519102 0.722031 0.0212969 0.0232292
2 0.412844 0.73999 0.0139687 0.0358958
2 0.700867 0.743531 0.0770469 0.0934375
2 0.648375 0.73149 0.0517188 0.0559792
2 0.602219 0.720479 0.0185937 0.0202083
2 0.490437 0.722344 0.0154062 0.0250625
6 6.0 6.0 6.0 6.0
6 6.0 6.0 6.0 6.0
6 6.0 6.0 6.0 6.0
0 0.438172 0.719458 0.0115937 0.0302083
2 0.499117 0.718552 0.0142656 0.0230208
