2 0.819703 0.336904 0.172094 0.128668
2 0.383234 0.261308 0.0300938 0.0436449
2 0.471289 0.286764 0.0278281 0.0388551
0 0.402086 0.584568 0.195859 0.823107
0 0.288742 0.447652 0.152609 0.599556
0 0.249328 0.286145 0.0638125 0.203738
0 0.136758 0.47528 0.144266 0.653925
0 0.661906 0.300619 0.0452813 0.134463
2 0.931742 0.364042 0.132234 0.17528
0 0.184375 0.24729 0.0196875 0.0596729
2 0.403633 0.262827 0.0372031 0.0439252
2 0.373563 0.254685 0.0405937 0.0454439
2 0.250688 0.236028 0.0199375 0.0255607
2 0.237125 0.238867 0.0212188 0.0297897
0 0.0465156 0.517068 0.0930312 0.83465
