2 0.431318 0.749937 0.0390588 0.0332812
2 0.581941 0.772734 0.123318 0.0694063
2 0.4788 0.748039 0.0351059 0.0197344
2 0.648024 0.773258 0.0395765 0.0563594
2 0.635941 0.740578 0.0707059 0.0293438
2 0.439165 0.746867 0.0378118 0.0302969
2 0.734388 0.748773 0.0250118 0.0251094
2 0.0136588 0.772234 0.0273176 0.0668438
2 0.703082 0.752188 0.0342588 0.0474687
3 0.937259 0.806281 0.122612 0.0551875
6 6.0 6.0 6.0 6.0
6 6.0 6.0 6.0 6.0
3 0.947176 0.776234 0.105647 0.042625
2 0.712565 0.747375 0.0241882 0.0334062
3 0.916224 0.773164 0.0954118 0.0598281
6 6.0 6.0 6.0 6.0
