0 0.822479 0.51675 0.29175 0.667875
0 0.366094 0.374375 0.132104 0.410594
0 0.100594 0.38718 0.197312 0.381172
0 0.46725 0.318305 0.0912083 0.212953
0 0.711354 0.290148 0.07925 0.201047
0 0.527229 0.222914 0.0320833 0.0769844
0 0.65351 0.231492 0.0471875 0.0793594
0 0.631052 0.21118 0.0364792 0.0709219
0 0.595625 0.242914 0.0562083 0.0877344
0 0.564677 0.223008 0.0266458 0.0615156
0 0.865542 0.679773 0.268917 0.640453
0 0.665396 0.195258 0.025125 0.0386406
0 0.204573 0.300484 0.0841458 0.165219
