0 0.203094 0.7985 0.0687708 0.15325
0 0.140458 0.803117 0.0672083 0.151234
0 0.787469 0.792211 0.0497708 0.0919219
0 0.846833 0.793719 0.0329167 0.0899688
0 0.0664062 0.766477 0.0391042 0.0738906
0 0.107729 0.743859 0.020375 0.0458438
0 0.0887083 0.749297 0.01775 0.0399687
0 0.0307188 0.742555 0.0157292 0.0356719
0 0.268844 0.756 0.0173958 0.053875
0 0.24425 0.757602 0.0280833 0.0612344
6 6.0 6.0 6.0 6.0
0 0.0448229 0.742805 0.0167708 0.0338906
0 0.0193854 0.741477 0.0157292 0.0354219
