0 0.534328 0.468244 0.06325 0.130351
0 0.43832 0.54726 0.0927656 0.188525
0 0.353367 0.46219 0.0721719 0.073185
0 0.617289 0.557728 0.120172 0.227447
0 0.775938 0.544262 0.104438 0.204731
0 0.558867 0.754555 0.217609 0.475902
0 0.278125 0.699602 0.215219 0.400094
0 0.824273 0.750843 0.321234 0.449742
0 0.952305 0.588923 0.0938594 0.162342
0 0.890234 0.513232 0.0633438 0.17082
0 0.823914 0.478759 0.0481094 0.115925
0 0.396695 0.504766 0.0717969 0.147939
0 0.126187 0.524871 0.0953125 0.133162
