0 0.21862 0.950155 0.00444 0.0240206
0 0.59329 0.960103 0.00886 0.00804124
0 0.73986 0.972388 0.0172 0.046701
0 0.18421 0.925481 0.00586 0.0265636
0 0.06784 0.988763 0.00672 0.0203436
0 0.087 0.940137 0.00812 0.0251546
0 0.15128 0.947354 0.00536 0.0162199
0 0.12408 0.942955 0.009 0.03189
0 0.13376 0.948265 0.01136 0.0201718
0 0.2287 0.973866 0.01244 0.0473883
2 0.29058 0.871082 0.02056 0.0212715
2 0.38621 0.909966 0.02646 0.025567
2 0.42851 0.913007 0.02554 0.0245704
2 0.44313 0.928351 0.02454 0.0252921
2 0.46821 0.92677 0.02826 0.02811
2 0.50504 0.947698 0.03024 0.0238488
2 0.55332 0.940344 0.02212 0.0259107
0 0.28653 0.879089 0.01194 0.0265636
0 0.19208 0.965069 0.00664 0.0304124
0 0.22101 0.978333 0.00746 0.0262887
2 0.69061 0.985481 0.0393 0.0290378
2 0.51813 0.93823 0.02194 0.0218213
2 0.39868 0.905344 0.01632 0.0225773
2 0.22444 0.848814 0.01648 0.0179725
2 0.19731 0.843196 0.01962 0.0194502
2 0.33139 0.886014 0.02498 0.0187629
