6 0.618672 0.231677 0.170187 0.149146
6 0.845758 0.378604 0.195547 0.209083
6 0.421906 0.132948 0.064125 0.0805208
6 0.346414 0.0921875 0.0774844 0.0831667
2 0.953227 0.651781 0.0935469 0.0997708
2 0.715938 0.529615 0.102219 0.0826875
2 0.693453 0.437823 0.0847187 0.0741875
2 0.465594 0.306563 0.0644062 0.0511667
2 0.468898 0.27249 0.0492344 0.0403125
2 0.375992 0.182052 0.0439531 0.0429792
2 0.341211 0.151906 0.0448594 0.0383958
6 0.583828 0.325844 0.105594 0.120937
6 0.783031 0.434365 0.103469 0.0708958
6 0.295844 0.76749 0.108688 0.153021
6 0.179805 0.47626 0.107297 0.180938
6 0.0631094 0.512219 0.104906 0.165313
6 0.118289 0.203271 0.0574531 0.078375
6 0.0131953 0.162729 0.0254219 0.0979167
2 0.0809219 0.259969 0.0407813 0.0436875
2 0.149555 0.271708 0.0476406 0.0642083
2 0.169289 0.418427 0.0608281 0.0653958
2 0.162258 0.366219 0.0519219 0.0653542
4 0.134352 0.784156 0.211109 0.431688
6 0.0464141 0.412125 0.0853906 0.128708
2 0.571438 0.985323 0.102688 0.0293542
