2 0.702898 0.577406 0.0357969 0.0397708
2 0.7415 0.575708 0.0198125 0.0230417
2 0.738734 0.566208 0.03675 0.0296667
4 0.461883 0.487146 0.422859 0.597167
0 0.565656 0.743854 0.105937 0.405875
0 0.812805 0.598479 0.0284531 0.085125
0 0.840289 0.588063 0.0205156 0.0663333
0 0.829797 0.565667 0.00640625 0.0207083
0 0.867297 0.589344 0.0284063 0.0893958
0 0.334336 0.340573 0.0426094 0.0487708
0 0.754789 0.583292 0.0116719 0.0543333
0 0.851648 0.564146 0.0116406 0.0253333
0 0.833398 0.57799 0.00876563 0.0573958
