2 0.379227 0.248644 0.0497969 0.0466274
2 0.367852 0.124399 0.0417656 0.0370047
2 0.343156 0.11125 0.0306563 0.0411321
2 0.311594 0.0910849 0.0393125 0.0387264
2 0.237609 0.043408 0.0378125 0.0366274
2 0.47382 0.276392 0.0400469 0.0511792
2 0.429914 0.291545 0.0394844 0.0463915
2 0.499563 0.25421 0.0390313 0.0479481
2 0.213828 0.0313915 0.03325 0.0342453
2 0.425133 0.240189 0.0478594 0.0540094
2 0.337617 0.214198 0.0424844 0.0459906
2 0.707195 0.617866 0.0680469 0.0725708
1 0.484586 0.807099 0.0316094 0.0386321
2 0.743008 0.740035 0.0603281 0.0748821
