2 0.0414297 0.452845 0.0360781 0.0388056
0 0.662344 0.56623 0.113656 0.241358
0 0.564258 0.585585 0.0946719 0.220726
0 0.629078 0.46808 0.0767188 0.229977
0 0.713148 0.746944 0.363016 0.504754
0 0.839727 0.486897 0.0610156 0.085363
0 0.131133 0.514087 0.0137031 0.0412881
2 0.0455313 0.727166 0.0261875 0.100749
2 0.0151016 0.408571 0.0297969 0.0389227
2 0.00528906 0.387857 0.0103906 0.0185246
6 6.0 6.0 6.0 6.0
0 0.143609 0.483735 0.00903125 0.0436768
0 0.188305 0.45507 0.00595313 0.0220843
2 0.0306953 0.440492 0.0252344 0.0248244
2 0.0238203 0.424602 0.0267969 0.0333724
