1 0.0535765 0.286641 0.107153 0.078875
0 0.477153 0.360672 0.710635 0.667406
0 0.310729 0.304117 0.0903059 0.184797
0 0.411965 0.303492 0.100118 0.177734
0 0.458635 0.208117 0.0385412 0.0414844
0 0.201518 0.231094 0.0681176 0.08725
0 0.236412 0.245016 0.0954588 0.0937813
0 0.351718 0.234617 0.0295059 0.0622969
0 0.8998 0.237242 0.0810118 0.0688906
0 0.0558118 0.250695 0.0944941 0.121859
0 0.221776 0.323961 0.0542353 0.148516
0 0.453576 0.233414 0.0549176 0.0577344
0 0.829365 0.260328 0.0779765 0.104844
