0 0.197336 0.673689 0.0936719 0.382412
0 0.334203 0.708033 0.116 0.417564
0 0.100437 0.560972 0.0515 0.225785
0 0.590586 0.729297 0.138297 0.422014
0 0.578898 0.312892 0.109703 0.169251
0 0.762367 0.67178 0.0853281 0.299157
0 0.900375 0.652763 0.0873125 0.349508
0 0.968953 0.65877 0.0619687 0.352717
0 0.937906 0.544496 0.0201563 0.0601405
0 0.837453 0.603501 0.0348125 0.0720609
0 0.837727 0.651452 0.0548906 0.0925527
0 0.434469 0.572635 0.0126562 0.07726
0 0.575891 0.302178 0.173781 0.311335
