0 0.546359 0.703427 0.102937 0.371562
0 0.710727 0.674188 0.0984531 0.348667
0 0.822914 0.609542 0.0821094 0.287
0 0.653109 0.197656 0.0290938 0.0376875
0 0.432023 0.420938 0.0418281 0.0975833
0 0.274727 0.561885 0.117766 0.280146
0 0.14443 0.674552 0.0760156 0.351354
0 0.0339687 0.579396 0.0679375 0.297375
0 0.565781 0.435344 0.0356563 0.0836042
0 0.621992 0.381844 0.0352344 0.0855625
0 0.968539 0.603625 0.0621094 0.299833
0 0.859242 0.410385 0.0359531 0.0948958
0 0.716258 0.373198 0.0312344 0.0996875
