0 0.16432 0.581427 0.210672 0.837146
0 0.8755 0.282521 0.0555 0.163667
0 0.696445 0.223698 0.0384219 0.0462708
0 0.660953 0.20726 0.0195 0.0321042
0 0.912109 0.274625 0.0336875 0.104333
0 0.292938 0.666844 0.140594 0.368979
0 0.346758 0.255365 0.0190469 0.0477292
0 0.380336 0.24476 0.0178906 0.0287292
2 0.203469 0.285604 0.0599063 0.0673333
2 0.322383 0.241063 0.0636094 0.0334583
0 0.295164 0.244458 0.00610938 0.00883333
0 0.269531 0.351385 0.0721563 0.237937
0 0.0424141 0.427146 0.0826719 0.359875
