0 0.479 0.685972 0.11175 0.545246
0 0.569852 0.650328 0.100047 0.680375
0 0.649195 0.644941 0.182922 0.687635
0 0.798828 0.608735 0.1855 0.760094
0 0.881586 0.355059 0.0479844 0.134848
0 0.203195 0.604543 0.0917969 0.567073
0 0.316359 0.64493 0.145156 0.636604
0 0.121445 0.586522 0.221891 0.826956
0 0.426008 0.630562 0.128484 0.656112
0 0.927141 0.585094 0.145719 0.829813
0 0.713266 0.379251 0.0525 0.117002
0 0.621109 0.36397 0.0347812 0.0912178
0 0.271578 0.484145 0.06525 0.312693
