0 0.61843 0.392459 0.0992031 0.226136
0 0.923688 0.407974 0.037375 0.097541
0 0.232352 0.393571 0.0194844 0.0493911
0 0.263078 0.395667 0.0268125 0.0469789
0 0.293234 0.425597 0.0319375 0.110913
0 0.330141 0.427319 0.0236875 0.116932
0 0.38 0.422681 0.02925 0.13
0 0.41057 0.428419 0.0281406 0.122506
0 0.455531 0.405644 0.0241563 0.083466
0 0.812703 0.424415 0.0361875 0.135574
0 0.834523 0.439649 0.0340781 0.0906792
0 0.392789 0.426803 0.0261406 0.12733
0 0.0472109 0.438607 0.0349844 0.103724
