0 0.360445 0.493258 0.559047 0.703365
0 0.651656 0.399988 0.105313 0.208663
0 0.940828 0.400943 0.11775 0.219499
0 0.900992 0.293532 0.0467656 0.082864
0 0.662781 0.192136 0.0603125 0.0876611
0 0.880414 0.260167 0.0531406 0.143294
0 0.76557 0.192721 0.0408594 0.103341
0 0.119555 0.242947 0.161453 0.178115
0 0.979008 0.260692 0.0418594 0.135704
0 0.909391 0.208986 0.0349375 0.101122
0 0.794117 0.270322 0.0389844 0.123317
0 0.720742 0.327339 0.0700156 0.145847
0 0.65368 0.275251 0.0594531 0.117184
6 6.0 6.0 6.0 6.0
