0 0.681055 0.585398 0.0889219 0.424726
0 0.48443 0.56745 0.0455781 0.142164
0 0.541188 0.655933 0.121656 0.298333
0 0.578508 0.526356 0.0635781 0.235448
0 0.402859 0.465821 0.0215 0.0495025
0 0.220195 0.51296 0.0617031 0.0750249
0 0.471828 0.473333 0.0380313 0.0687065
0 0.871359 0.754502 0.257281 0.385124
0 0.423383 0.503197 0.0561094 0.0975871
0 0.19018 0.579664 0.105078 0.166144
0 0.360438 0.509216 0.03525 0.0911692
0 0.275234 0.507973 0.0504687 0.0928607
0 0.0905625 0.593184 0.0954062 0.160945
