4 0.40407 0.513768 0.225016 0.270659
4 0.0561406 0.529207 0.109406 0.217976
4 0.567211 0.521671 0.125297 0.168415
0 0.875023 0.64539 0.0585781 0.151317
0 0.826398 0.641354 0.0442656 0.132463
0 0.767367 0.617866 0.0313281 0.156512
4 0.667727 0.539707 0.0748281 0.0927317
4 0.961969 0.565085 0.0760625 0.170902
6 0.66718 0.540622 0.0741719 0.0886098
0 0.848508 0.536488 0.00673437 0.0354634
0 0.642336 0.562793 0.0115469 0.0329024
0 0.882234 0.577537 0.0158438 0.0567805
2 0.152062 0.537439 0.035125 0.0429268
4 0.543937 0.467963 0.0587188 0.0458293
