2 0.171078 0.589969 0.0725625 0.0820124
2 0.212867 0.584803 0.0316406 0.0640041
2 0.299563 0.5864 0.0574687 0.0769502
0 0.864828 0.626971 0.260625 0.714606
0 0.432789 0.594865 0.0312344 0.123714
0 0.581578 0.628994 0.0688438 0.207282
0 0.353711 0.583143 0.0135469 0.0921369
0 0.400359 0.594917 0.0398437 0.134564
0 0.603148 0.559803 0.0227344 0.0441286
0 0.378617 0.592884 0.0245469 0.124855
0 0.279273 0.566473 0.00904687 0.0131535
0 0.0766406 0.585145 0.0179375 0.0736515
2 0.265117 0.571971 0.0201719 0.0240249
0 0.458695 0.592324 0.0310156 0.12971
0 0.755242 0.651245 0.0401719 0.0949378
2 0.326961 0.581494 0.0166719 0.060249
