2 0.904734 0.361589 0.089625 0.0977193
2 0.487094 0.26075 0.102844 0.0596296
2 0.447937 0.770517 0.193719 0.185283
2 0.501648 0.640078 0.203547 0.143821
2 0.862547 0.285127 0.100875 0.0387135
2 0.961492 0.298177 0.0770156 0.035692
6 0.858125 0.552534 0.18625 0.200897
2 0.857742 0.543665 0.200547 0.200585
0 0.595062 0.330136 0.03125 0.0950097
2 0.70957 0.367076 0.101984 0.108382
2 0.79457 0.277164 0.0632969 0.0343275
2 0.709742 0.28001 0.0972656 0.0542105
6 0.759602 0.423957 0.114578 0.168733
2 0.271578 0.221423 0.0779375 0.0271345
2 0.982148 0.328587 0.0357031 0.0282846
