0 0.512055 0.498156 0.0238906 0.141006
0 0.910875 0.905405 0.0907188 0.159916
0 0.302273 0.503338 0.0421094 0.199246
0 0.133148 0.493142 0.0450156 0.185447
0 0.559234 0.477263 0.04975 0.20905
0 0.604242 0.473464 0.0406719 0.198156
0 0.71207 0.456411 0.0337031 0.182039
0 0.751586 0.456131 0.0277969 0.172263
0 0.776695 0.469399 0.0396719 0.183994
0 0.696195 0.176397 0.00848437 0.0128492
0 0.332844 0.550964 0.0396562 0.248128
0 0.666742 0.474162 0.0379531 0.201955
0 0.730156 0.477751 0.0398437 0.204944
