2 0.417007 0.852023 0.0659865 0.0471719
2 0.0914798 0.836633 0.0659641 0.0362031
2 0.845897 0.927508 0.304978 0.118578
0 0.482141 0.898477 0.0901121 0.161891
0 0.237052 0.899523 0.0686771 0.178516
0 0.185157 0.889656 0.0621076 0.15175
2 0.70472 0.817844 0.127332 0.0322188
2 0.78472 0.816789 0.0931166 0.0327656
0 0.970224 0.605141 0.0595516 0.0426875
2 0.797186 0.844984 0.0582735 0.0485312
2 0.782186 0.843375 0.0808744 0.0467813
2 0.113352 0.832398 0.0434305 0.0308906
2 0.377478 0.875781 0.0415022 0.0657188
