0 0.509672 0.54589 0.82275 0.88524
0 0.0871484 0.650557 0.174297 0.226969
0 0.955477 0.684606 0.0890469 0.309863
0 0.787414 0.103373 0.0943281 0.206747
0 0.358953 0.164803 0.212469 0.123373
0 0.228805 0.140762 0.124859 0.163202
0 0.0603672 0.154401 0.120734 0.153014
0 0.538117 0.107603 0.148391 0.197466
0 0.445797 0.0961644 0.144656 0.189007
0 0.0704453 0.115214 0.106234 0.0855651
0 0.163062 0.107603 0.08525 0.139623
0 0.330633 0.0961045 0.125609 0.176627
0 0.945297 0.118622 0.109406 0.156524
