0 0.874695 0.857865 0.100922 0.284271
0 0.556328 0.645948 0.0561875 0.234396
0 0.590695 0.876646 0.0608906 0.246708
0 0.49668 0.884854 0.0813281 0.230292
0 0.375094 0.859729 0.0776563 0.278292
0 0.508461 0.729938 0.0604844 0.129042
0 0.616016 0.722479 0.0455 0.2045
0 0.277641 0.706135 0.0642188 0.264479
0 0.770477 0.90624 0.0915156 0.187521
0 0.223094 0.842583 0.0844688 0.314833
0 0.307672 0.518 0.0569687 0.143708
0 0.65632 0.88374 0.0847344 0.229729
0 0.368609 0.67775 0.0594063 0.184083
