1 0.161452 0.842281 0.307676 0.286313
1 0.409232 0.651594 0.0978838 0.0275625
1 0.589378 0.64518 0.0956017 0.0298594
1 0.698226 0.788711 0.416369 0.227484
2 0.153039 0.570125 0.0208921 0.004625
2 0.620654 0.555937 0.00952282 0.00265625
2 0.349896 0.564453 0.03 0.0083125
0 0.242718 0.680937 0.0339004 0.0425
0 0.323817 0.676727 0.0242324 0.0297656
0 0.388226 0.705742 0.041639 0.0350156
0 0.444844 0.704289 0.0259544 0.0297344
0 0.515207 0.70407 0.0368465 0.0374531
0 0.639139 0.680422 0.0529253 0.0540625
0 0.708299 0.694594 0.0494191 0.0780312
0 0.941245 0.711367 0.0383402 0.0334531
0 0.607593 0.675758 0.0319502 0.0424844
0 0.87305 0.707672 0.0441079 0.0456875
0 0.915363 0.68932 0.0328008 0.0423594
1 0.307593 0.652859 0.0832365 0.0318125
0 0.856193 0.672258 0.024834 0.0275469
2 0.158454 0.565367 0.0247925 0.00579687
0 0.893983 0.672 0.0215353 0.0275
1 0.944523 0.837367 0.110954 0.142078
