0 0.588875 0.73575 0.147417 0.412437
0 0.0803125 0.73268 0.15 0.350172
1 0.671125 0.69093 0.0659583 0.0457344
0 0.860177 0.667398 0.0457292 0.0662969
0 0.920823 0.66918 0.0353125 0.0659531
0 0.216625 0.711516 0.0787917 0.164156
0 0.399417 0.696164 0.03975 0.0685469
0 0.286927 0.702445 0.0933125 0.125422
0 0.337062 0.687633 0.036375 0.0801094
0 0.725927 0.672945 0.0146042 0.0220156
0 0.813302 0.67525 0.0148958 0.0239063
0 0.980062 0.662805 0.0295417 0.0697344
0 0.441427 0.693125 0.0526875 0.0645
0 0.751115 0.667086 0.0415208 0.0856406
