0 0.510148 0.223065 0.143172 0.401429
0 0.906484 0.299107 0.0787812 0.324226
0 0.159273 0.288943 0.0504219 0.288125
0 0.106547 0.236994 0.0629062 0.184286
0 0.385266 0.26939 0.0665 0.139792
0 0.339977 0.278065 0.0697031 0.135774
0 0.244297 0.302545 0.092625 0.268363
0 0.678727 0.324286 0.0567031 0.236726
0 0.446625 0.271964 0.0548125 0.156607
0 0.783406 0.222991 0.0474687 0.180923
0 0.761734 0.239866 0.02025 0.0775298
0 0.970391 0.31994 0.0592188 0.287024
0 0.731992 0.232664 0.0486719 0.135685
