0 0.772742 0.813431 0.294766 0.361194
0 0.956367 0.596335 0.0170156 0.069719
0 0.94875 0.636124 0.0493125 0.0345433
0 0.888797 0.62966 0.0269062 0.0506557
0 0.618312 0.571862 0.00865625 0.041897
0 0.389516 0.602529 0.0142813 0.0547541
0 0.251211 0.590328 0.0226094 0.0908665
0 0.265844 0.594883 0.0206563 0.0791335
0 0.143156 0.594415 0.0164687 0.0552459
0 0.376945 0.613267 0.0126094 0.0233958
0 0.611195 0.573607 0.00720313 0.0339578
0 0.967742 0.648595 0.0401719 0.0101171
0 0.627055 0.57192 0.0109844 0.0439344
