0 0.41349 0.467414 0.143813 0.296641
0 0.523031 0.41032 0.0837292 0.157016
0 0.69649 0.418187 0.0625208 0.172812
0 0.321292 0.365961 0.037 0.0756094
0 0.840229 0.43118 0.0424167 0.0954531
0 0.471635 0.403188 0.0427292 0.135094
0 0.214156 0.375555 0.0368958 0.0996406
0 0.187625 0.397023 0.07825 0.0909531
0 0.265594 0.368523 0.0283958 0.0404531
0 0.132781 0.373219 0.0433542 0.0935625
0 0.0494375 0.389891 0.0569167 0.146063
0 0.60801 0.385781 0.0491458 0.088625
0 0.360344 0.371 0.0395208 0.0865937
