2 0.615906 0.164556 0.087375 0.0463084
4 0.078875 0.0904322 0.122875 0.0894159
0 0.66493 0.638178 0.0552031 0.216963
0 0.512453 0.632126 0.075875 0.225701
0 0.252445 0.423435 0.0293906 0.150654
0 0.608602 0.453166 0.0254531 0.141986
0 0.297492 0.537617 0.0383906 0.181776
0 0.372586 0.544883 0.0362344 0.171963
0 0.159086 0.51625 0.0291406 0.16264
0 0.546109 0.533131 0.0292812 0.177664
0 0.627945 0.592839 0.0372031 0.183855
0 0.428578 0.287395 0.0279063 0.0975467
0 0.645773 0.470748 0.0302969 0.130047
0 0.515422 0.180713 0.0225312 0.0565187
