0 0.120594 0.510106 0.139937 0.395495
0 0.399289 0.557866 0.197109 0.452807
0 0.800461 0.553149 0.0874844 0.395165
0 0.274688 0.639469 0.0470625 0.21092
0 0.232719 0.690743 0.0550312 0.25375
0 0.967078 0.677606 0.054625 0.315731
0 0.750961 0.726439 0.0657344 0.39533
0 0.714305 0.585884 0.0319844 0.0427594
0 0.478492 0.59171 0.0422344 0.109458
0 0.554477 0.538691 0.131297 0.509127
0 0.140898 0.683208 0.207703 0.148868
0 0.666406 0.619587 0.0233125 0.168467
0 0.98718 0.766745 0.0256406 0.425991
