0 0.911305 0.588649 0.0438594 0.0653081
0 0.304156 0.467903 0.0211875 0.067891
0 0.0883125 0.367441 0.02275 0.0590521
0 0.494062 0.511209 0.01225 0.0646919
0 0.140055 0.351742 0.0182344 0.0659005
0 0.915305 0.548341 0.0265156 0.0391943
0 0.891297 0.557844 0.0288438 0.100047
0 0.151148 0.399277 0.0301094 0.051872
0 0.4955 0.4041 0.0104063 0.0529858
0 0.0696719 0.365036 0.0233125 0.0574645
0 0.123562 0.368211 0.0170625 0.0302607
0 0.63568 0.525344 0.0220469 0.0484123
0 0.553914 0.499491 0.0197031 0.0606872
