2 0.764844 0.487101 0.0971875 0.113978
2 0.0994375 0.496775 0.198875 0.210764
2 0.873258 0.461607 0.0267344 0.0586292
2 0.818711 0.466112 0.0498281 0.0724045
4 0.443844 0.415955 0.549094 0.45573
0 0.971617 0.46691 0.0258594 0.113461
0 0.949859 0.453809 0.0234062 0.0898202
0 0.91643 0.429775 0.0166406 0.041573
2 0.935883 0.445202 0.0119844 0.0261348
0 0.287695 0.362719 0.0729531 0.0928989
0 0.989187 0.502101 0.0173125 0.0709438
0 0.80525 0.444281 0.0109687 0.01
2 0.814266 0.426506 0.0305312 0.0128764
