2 0.816969 0.82267 0.26225 0.183888
2 0.760633 0.604848 0.0551719 0.0525527
4 0.892813 0.699625 0.214375 0.312365
4 0.509719 0.615433 0.398531 0.134239
4 0.211398 0.614227 0.311859 0.123583
0 0.595172 0.941733 0.0895 0.116534
0 0.374867 0.849496 0.0724531 0.141429
0 0.534656 0.804813 0.04175 0.178009
0 0.478875 0.851042 0.0442813 0.231874
0 0.414602 0.844602 0.0330156 0.179836
0 0.142203 0.709778 0.0252188 0.0630211
0 0.319133 0.784532 0.0328906 0.1663
0 0.283031 0.799543 0.0585625 0.112295
0 0.557766 0.942459 0.0558125 0.111803
0 0.451211 0.828372 0.0372344 0.17281
0 0.255148 0.784543 0.0313281 0.10281
0 0.243508 0.711593 0.0231406 0.0547073
0 0.442164 0.738326 0.0272656 0.0703747
