2 0.746844 0.625 0.506313 0.725234
2 0.359398 0.603428 0.0878906 0.0843164
2 0.452148 0.554492 0.0552969 0.0616406
2 0.40307 0.534434 0.0474219 0.0438281
2 0.275383 0.555928 0.0329219 0.0273242
2 0.30125 0.540732 0.0499375 0.042832
2 0.496602 0.537236 0.0446406 0.047832
0 0.529805 0.66127 0.0877969 0.102891
2 0.0173828 0.616416 0.0347656 0.11127
0 0.24593 0.520322 0.0187969 0.0274414
0 0.237016 0.507129 0.0125 0.0178516
2 0.200469 0.598496 0.154281 0.128555
2 0.604305 0.460986 0.152766 0.280254
2 0.0354375 0.611719 0.0597812 0.108125
2 0.309156 0.590605 0.03975 0.0550391
6 6.0 6.0 6.0 6.0
