0 0.907805 0.473466 0.0442344 0.156975
0 0.845117 0.479905 0.0421406 0.159937
0 0.78257 0.492248 0.0427656 0.141891
0 0.732266 0.493256 0.0420937 0.160168
0 0.435961 0.449128 0.0314844 0.121996
0 0.391937 0.448971 0.0508438 0.127017
0 0.265773 0.439055 0.0320781 0.0704202
0 0.271937 0.532447 0.0299063 0.138172
0 0.234953 0.553109 0.0474375 0.145252
0 0.191289 0.551523 0.0421406 0.152206
0 0.376859 0.5452 0.03425 0.144685
0 0.200437 0.484233 0.038875 0.0605672
0 0.336945 0.482521 0.0316094 0.117521
