1 0.677203 0.819362 0.0935 0.120426
1 0.0508672 0.84633 0.101203 0.106383
0 0.675031 0.778644 0.040375 0.12484
0 0.323266 0.788511 0.0542188 0.156809
0 0.130172 0.829441 0.04625 0.132287
2 0.239367 0.783444 0.0571406 0.0693883
2 0.227672 0.779136 0.0448125 0.0707181
4 4.0 4.0 4.0 4.0
6 6.0 6.0 6.0 6.0
6 6.0 6.0 6.0 6.0
6 6.0 6.0 6.0 6.0
6 6.0 6.0 6.0 6.0
6 6.0 6.0 6.0 6.0
1 0.310031 0.827035 0.100031 0.101356
2 0.367453 0.745519 0.019375 0.029867
2 0.571 0.75254 0.0222188 0.0341223
2 0.554203 0.746223 0.0224688 0.032234
2 0.60432 0.754388 0.0204219 0.0300532
2 0.736062 0.773989 0.032125 0.0487234
2 0.646 0.760093 0.0195 0.0344947
2 0.65668 0.760359 0.0148906 0.0374202
2 0.515781 0.74734 0.013375 0.0247872
2 0.621609 0.754668 0.0333125 0.0422606
2 0.698438 0.761769 0.0219062 0.0392287
6 6.0 6.0 6.0 6.0
2 0.752117 0.779947 0.0229219 0.0531383
0 0.051125 0.792261 0.038125 0.163351
