0 0.666891 0.687042 0.0795 0.322167
0 0.577555 0.6485 0.0409219 0.121417
0 0.331375 0.631094 0.0453125 0.0850208
0 0.435562 0.630729 0.0368125 0.0959167
0 0.0466406 0.675094 0.0460313 0.171896
0 0.380672 0.688146 0.050625 0.163458
0 0.735203 0.621177 0.0431563 0.0954375
0 0.815484 0.665771 0.0647812 0.22775
0 0.29518 0.681427 0.0539219 0.183312
0 0.255398 0.686646 0.0396094 0.147458
0 0.494344 0.621344 0.0320625 0.0790625
0 0.216586 0.659563 0.0297656 0.137958
0 0.472133 0.643042 0.0579531 0.085125
