0 0.741406 0.533021 0.337344 0.905621
0 0.94043 0.360258 0.106828 0.483981
0 0.830297 0.414098 0.0778125 0.540141
0 0.67868 0.266323 0.0739844 0.284169
0 0.586109 0.199813 0.06925 0.112693
0 0.521687 0.219075 0.0485938 0.0800234
0 0.422578 0.198607 0.0567813 0.103677
0 0.278273 0.204496 0.0686719 0.0987822
0 0.353625 0.154824 0.0665937 0.0933489
0 0.45293 0.194906 0.0360156 0.105457
0 0.351477 0.195902 0.0884219 0.112225
0 0.419063 0.18767 0.249156 0.110281
0 0.317312 0.153794 0.0154375 0.026089
