4 4.0 4.0 4.0 4.0
0 0.348875 0.910552 0.0775312 0.146063
0 0.942008 0.807198 0.0305469 0.0439792
0 0.96707 0.806448 0.0373281 0.0633542
0 0.732734 0.831062 0.0386562 0.107125
0 0.784469 0.792271 0.0366875 0.102292
0 0.50407 0.91076 0.0499531 0.166521
0 0.6525 0.849927 0.0310625 0.125104
0 0.611414 0.832198 0.0310469 0.0491458
0 0.504172 0.781719 0.026375 0.0820625
0 0.345906 0.791969 0.0236563 0.0921875
2 0.102367 0.832708 0.0950781 0.088
2 0.283883 0.800479 0.0819531 0.0962083
6 6.0 6.0 6.0 6.0
6 6.0 6.0 6.0 6.0
0 0.111727 0.742938 0.00776562 0.0479583
0 0.410438 0.787219 0.0162813 0.0753542
2 0.18268 0.810156 0.0734844 0.0696042
2 0.224797 0.757958 0.0571875 0.0328333
2 0.0777891 0.707219 0.0294219 0.0365625
2 0.233563 0.782323 0.0466562 0.0565625
2 0.038375 0.762667 0.039125 0.059625
2 0.20575 0.748479 0.0622188 0.049625
0 0.39382 0.802333 0.0190469 0.0892917
2 0.0570859 0.727938 0.0196094 0.0434167
4 4.0 4.0 4.0 4.0
6 6.0 6.0 6.0 6.0
