1 0.223516 0.274634 0.0804375 0.0791274
2 0.5445 0.398844 0.316844 0.293396
3 0.215422 0.340425 0.080375 0.121321
0 0.327523 0.601356 0.252172 0.779269
0 0.341109 0.368797 0.214562 0.519858
0 0.719453 0.513608 0.081125 0.421651
0 0.842641 0.604505 0.16375 0.512358
0 0.874758 0.254717 0.0313594 0.208585
0 0.418766 0.211156 0.0291563 0.0586792
0 0.772992 0.257594 0.0432656 0.214858
0 0.539625 0.169564 0.032375 0.142476
0 0.564312 0.125967 0.02075 0.0401887
0 0.602773 0.39388 0.0682969 0.250873
0 0.844773 0.260307 0.0515156 0.200755
2 0.489789 0.250472 0.150766 0.0424057
0 0.698781 0.243738 0.0289063 0.10908
