0 0.611883 0.446844 0.0693906 0.278062
0 0.776062 0.662667 0.221281 0.295042
0 0.91493 0.621646 0.168078 0.414958
0 0.967938 0.871083 0.064125 0.257833
0 0.968359 0.481167 0.0632812 0.22875
0 0.92932 0.42425 0.0387969 0.186917
0 0.884742 0.470406 0.0678906 0.263104
0 0.528406 0.27524 0.0379063 0.0588125
0 0.453367 0.599438 0.256172 0.487625
0 0.832422 0.461385 0.0575937 0.274896
0 0.712172 0.458854 0.0660312 0.25725
0 0.670734 0.464896 0.051875 0.236417
0 0.781672 0.444448 0.0784688 0.231021
