0 0.517602 0.155941 0.0172031 0.0303351
0 0.429063 0.187809 0.0238125 0.0281959
0 0.240875 0.15 0.0132812 0.0504124
0 0.347266 0.170206 0.0207188 0.0427835
0 0.426172 0.140026 0.00865625 0.031134
0 0.469945 0.115696 0.0146719 0.0328351
0 0.536008 0.157461 0.0144844 0.0285309
0 0.559312 0.135 0.010625 0.0279897
0 0.592156 0.129356 0.0129062 0.0315979
0 0.678133 0.137371 0.0207656 0.0690722
0 0.700875 0.138634 0.016875 0.0630412
0 0.775859 0.120258 0.0971562 0.206753
0 0.992359 0.178015 0.0152812 0.0426289
