0 0.664805 0.579635 0.509547 0.809859
0 0.134437 0.840929 0.0080625 0.0354118
0 0.143344 0.842224 0.0100625 0.0320235
0 0.147766 0.842482 0.00653125 0.0309412
0 0.40725 0.841047 0.0123438 0.0528235
0 0.116977 0.841718 0.00776562 0.0333176
2 0.316414 0.844929 0.0185469 0.0240706
6 0.0844219 0.835282 0.041 0.0481176
0 0.120258 0.840259 0.00473437 0.0304471
6 0.975602 0.719047 0.0448281 0.0348941
6 0.316539 0.845953 0.0191094 0.0245176
0 0.256375 0.845988 0.011625 0.0408235
2 0.948781 0.721447 0.0118438 0.0154588
0 0.156883 0.846953 0.00642188 0.0199765
