0 0.234273 0.631604 0.465172 0.701125
0 0.474828 0.379417 0.244969 0.404917
0 0.733187 0.53501 0.302687 0.647979
0 0.877328 0.233219 0.149188 0.187646
0 0.270156 0.149385 0.0204375 0.0797708
0 0.0287109 0.469594 0.0506719 0.355854
0 0.114375 0.162719 0.0387188 0.0735625
0 0.364258 0.181823 0.0542031 0.0787292
0 0.748828 0.156708 0.0559063 0.0323333
0 0.329375 0.202271 0.0830625 0.0611667
0 0.0720469 0.197531 0.0885 0.147854
0 0.792508 0.275635 0.0544844 0.0848542
0 0.28875 0.199208 0.0456562 0.07425
