0 0.595977 0.620222 0.172422 0.755059
0 0.597039 0.399309 0.200016 0.798618
0 0.730102 0.298934 0.0936406 0.215059
0 0.741078 0.182389 0.0212188 0.0329742
0 0.799813 0.244684 0.0447813 0.0774239
0 0.849852 0.245293 0.0440156 0.104778
0 0.281875 0.542693 0.269875 0.883138
0 0.486422 0.227635 0.0447813 0.165855
0 0.206141 0.229145 0.055875 0.157963
0 0.916992 0.501124 0.166016 0.977471
0 0.782766 0.20692 0.0613437 0.109532
0 0.82732 0.221827 0.0319531 0.128478
0 0.880078 0.213267 0.0348125 0.0703747
