3 0.671047 0.705609 0.325906 0.52584
3 0.435945 0.331366 0.123922 0.127689
3 0.0943984 0.245053 0.0800781 0.0795168
0 0.716914 0.558424 0.347453 0.685378
0 0.839031 0.19895 0.0344062 0.123193
2 0.903719 0.213634 0.0589375 0.0610084
0 0.5135 0.228025 0.0419687 0.13479
0 0.359414 0.203424 0.0249531 0.0902941
0 0.403578 0.199664 0.0206875 0.108151
0 0.485281 0.145147 0.018625 0.0328992
0 0.434109 0.291376 0.0658125 0.160399
0 0.586641 0.207868 0.02675 0.132584
0 0.488414 0.206113 0.0248281 0.121387
0 0.580078 0.15709 0.0201563 0.0361555
0 0.599609 0.185767 0.0164687 0.0986345
2 0.0455547 0.163561 0.0418594 0.0541807
2 0.107555 0.149674 0.0180781 0.0340126
0 0.71132 0.218803 0.0344844 0.121513
0 0.0946641 0.218687 0.0463594 0.111702
