0 0.364813 0.520808 0.249187 0.711501
0 0.675695 0.324007 0.0521406 0.131755
0 0.939602 0.290912 0.105891 0.155358
0 0.757406 0.192714 0.0495312 0.129446
0 0.264359 0.265266 0.080375 0.175196
0 0.288984 0.170323 0.0429062 0.0864203
0 0.855047 0.52209 0.251938 0.708106
0 0.757258 0.226582 0.0483906 0.104388
0 0.443641 0.287691 0.0928125 0.151363
0 0.41082 0.255069 0.0701094 0.140577
0 0.382547 0.184746 0.0371563 0.0772517
0 0.891102 0.252356 0.0558281 0.133395
0 0.198883 0.326894 0.0494531 0.123811
