0 0.0363281 0.561791 0.0675625 0.714601
0 0.0881406 0.511253 0.0843125 0.290551
0 0.154602 0.467796 0.0461094 0.0987328
0 0.189531 0.554201 0.0712812 0.367741
0 0.645836 0.337934 0.0312656 0.0563636
0 0.780047 0.31686 0.0535312 0.107879
0 0.716867 0.357713 0.0275781 0.0715702
0 0.743828 0.36084 0.026125 0.0607989
0 0.13557 0.601915 0.0850469 0.409945
0 0.145609 0.39219 0.0415 0.0778788
0 0.903531 0.343017 0.0455 0.0978237
0 0.519313 0.361295 0.0147813 0.0412121
0 0.516813 0.352507 0.0405625 0.0511295
