1 0.210547 0.66666 0.123094 0.189253
0 0.321492 0.467386 0.0849844 0.307676
0 0.186063 0.544118 0.155938 0.451763
0 0.0497266 0.544118 0.0994531 0.406203
0 0.665844 0.604232 0.142906 0.409834
0 0.740719 0.746473 0.276438 0.329419
0 0.0990703 0.507873 0.0765781 0.385415
0 0.384586 0.460425 0.0794219 0.233672
0 0.524344 0.415249 0.0467813 0.183029
0 0.467617 0.414834 0.0473906 0.204191
0 0.981227 0.345301 0.0375469 0.0799378
0 0.404188 0.331639 0.0535937 0.0770124
0 0.498922 0.423402 0.0386562 0.17473
1 0.33875 0.514741 0.0325625 0.113589
3 0.444406 0.665747 0.28975 0.326058
2 0.545055 0.329803 0.0860469 0.0631743
0 0.753711 0.563288 0.149047 0.270062
