0 0.322336 0.431471 0.346203 0.858424
0 0.082625 0.4538 0.16525 0.692965
0 0.59393 0.5236 0.304422 0.889882
0 0.686805 0.513682 0.626391 0.971412
0 0.604437 0.120729 0.105875 0.241459
0 0.807938 0.126518 0.183438 0.252329
0 0.110961 0.7904 0.219734 0.3432
0 0.835633 0.0741059 0.0698594 0.127553
6 6.0 6.0 6.0 6.0
0 0.178727 0.540541 0.154047 0.732
2 0.973344 0.274929 0.0533125 0.114518
2 0.942227 0.180424 0.115547 0.1392
2 0.101656 0.430859 0.19675 0.481482
2 0.924914 0.252341 0.0566406 0.0598353
0 0.697766 0.0250824 0.059 0.0501647
