0 0.393297 0.569187 0.0132812 0.0185937
0 0.635547 0.569484 0.0127812 0.0259375
0 0.931547 0.560445 0.00925 0.0237031
0 0.599008 0.564883 0.00873437 0.0182031
0 0.706867 0.561195 0.00448438 0.0123594
0 0.716258 0.557727 0.00601563 0.0142031
0 0.824891 0.560312 0.006 0.0145313
0 0.886859 0.563078 0.0051875 0.022625
0 0.833031 0.561008 0.0045 0.0112969
0 0.453969 0.553445 0.00653125 0.00739063
0 0.978977 0.559203 0.0113906 0.0140625
0 0.887273 0.550648 0.0148594 0.0156406
0 0.708078 0.562266 0.00340625 0.009375
