0 0.577984 0.115738 0.0764688 0.114614
0 0.328836 0.0786534 0.101859 0.15356
0 0.244758 0.0755152 0.0793906 0.15103
0 0.393805 0.588454 0.279297 0.433817
0 0.960203 0.474098 0.072125 0.53377
0 0.901078 0.148314 0.0899688 0.0943794
0 0.649609 0.0651288 0.111531 0.130258
0 0.479805 0.0637237 0.100047 0.127447
0 0.613539 0.514578 0.231766 0.441522
0 0.39575 0.110234 0.111187 0.103326
0 0.949047 0.108501 0.0733437 0.156815
0 0.19118 0.0928806 0.0928906 0.111007
0 0.094125 0.0914754 0.0880313 0.104871
