0 0.327766 0.495499 0.0790625 0.17892
0 0.657227 0.671537 0.100141 0.251662
0 0.925789 0.592784 0.146672 0.809834
0 0.550008 0.208269 0.0255781 0.109889
0 0.51943 0.192382 0.0379219 0.0492521
0 0.75668 0.148837 0.0181719 0.0669806
0 0.659984 0.194363 0.0153125 0.0779224
0 0.432336 0.0699446 0.0267969 0.0777839
0 0.511313 0.54097 0.0570312 0.17385
0 0.770859 0.392258 0.0611563 0.109058
0 0.891805 0.422839 0.0444531 0.100416
0 0.361742 0.256357 0.0282656 0.0501108
0 0.961039 0.091482 0.0237031 0.0656787
