1 0.586516 0.274591 0.0716875 0.186509
2 0.519469 0.247284 0.175063 0.242069
2 0.186961 0.279267 0.210641 0.32431
6 6.0 6.0 6.0 6.0
0 0.350953 0.586875 0.160125 0.672284
0 0.145562 0.549978 0.107594 0.85556
0 0.723891 0.466121 0.117469 0.473879
0 0.744758 0.164957 0.0392969 0.1925
0 0.0653984 0.503599 0.0813906 0.746595
1 0.625312 0.294871 0.0469687 0.141983
0 0.961805 0.157328 0.0400469 0.248534
2 0.0716406 0.243534 0.136469 0.261207
2 0.987914 0.114849 0.0241719 0.151164
0 0.937039 0.0666379 0.0149219 0.0961207
