2 0.50625 0.114127 0.0716563 0.0808962
2 0.390945 0.0828656 0.0640781 0.0829009
2 0.564656 0.129139 0.0580312 0.0836085
2 0.0587188 0.150613 0.116281 0.131415
2 0.621727 0.15921 0.0655781 0.0726651
0 0.640719 0.673337 0.355219 0.288467
0 0.823891 0.387441 0.11675 0.282429
0 0.795234 0.32408 0.022 0.0569811
0 0.760016 0.279776 0.0610313 0.101108
2 0.734633 0.244151 0.0352344 0.0451415
2 0.0624531 0.0701415 0.0190937 0.0217453
2 0.182078 0.0312264 0.00990625 0.0134434
2 0.217773 0.021934 0.0159531 0.0166981
2 0.142555 0.0398821 0.0124844 0.0124057
