1 0.16614 0.407281 0.131152 0.0524687
0 0.858162 0.409461 0.0585294 0.120547
0 0.797463 0.408094 0.0644853 0.125031
0 0.0443873 0.390242 0.0634314 0.129516
0 0.107047 0.375648 0.0535539 0.104547
0 0.722843 0.384281 0.0308824 0.07575
0 0.75712 0.393813 0.0494363 0.10875
0 0.312745 0.363672 0.0115196 0.0248438
0 0.165331 0.368352 0.0764951 0.0678906
0 0.922206 0.379867 0.0433824 0.0749219
0 0.96777 0.378109 0.0469608 0.0610938
0 0.0767647 0.38418 0.0284804 0.0657969
0 0.238444 0.366922 0.02625 0.06375
0 0.187402 0.348 0.0382843 0.0438438
