2 0.0932813 0.554481 0.0292187 0.0242925
2 0.0135703 0.574175 0.0256719 0.0701887
2 0.123398 0.545625 0.0266406 0.0320991
2 0.189656 0.530849 0.0124375 0.0167453
2 0.143375 0.543172 0.017375 0.0242689
2 0.256227 0.540696 0.0153906 0.0203066
6 6.0 6.0 6.0 6.0
6 6.0 6.0 6.0 6.0
6 6.0 6.0 6.0 6.0
2 0.0380313 0.56862 0.0356563 0.0535142
2 0.342641 0.570649 0.050875 0.0512028
2 0.169977 0.530932 0.0125781 0.0110613
2 0.154656 0.538715 0.0125625 0.0209198
2 0.185117 0.5123 0.00764062 0.00950472
