2 0.0866016 0.835094 0.153016 0.114354
2 0.191891 0.822344 0.119469 0.0853542
2 0.0355781 0.770031 0.02625 0.0211042
2 0.714742 0.763583 0.0349531 0.0165833
2 0.676281 0.764688 0.0407187 0.013875
2 0.763555 0.7635 0.0155469 0.0137083
2 0.789766 0.762698 0.0550937 0.0199792
6 6.0 6.0 6.0 6.0
2 0.975437 0.812698 0.049125 0.0763125
2 0.877391 0.757802 0.0551875 0.0164792
2 0.0107969 0.777167 0.0200625 0.023625
2 0.00732031 0.821573 0.0143906 0.0589375
2 0.970977 0.757542 0.0572656 0.02025
6 6.0 6.0 6.0 6.0
6 6.0 6.0 6.0 6.0
6 6.0 6.0 6.0 6.0
