1 0.493407 0.596977 0.83089 0.303141
0 0.754461 0.437078 0.215574 0.379781
0 0.39822 0.494203 0.496674 0.597344
0 0.085082 0.328508 0.142951 0.262984
0 0.642143 0.295477 0.0700937 0.123203
0 0.611874 0.290187 0.0413583 0.115844
0 0.132143 0.313883 0.0826932 0.177203
0 0.167494 0.288117 0.0466042 0.118391
0 0.249508 0.311523 0.0938173 0.158109
0 0.858197 0.280859 0.0444965 0.079375
6 0.117424 0.238313 0.234848 0.164031
0 0.34192 0.344328 0.0660422 0.168531
0 0.702412 0.275117 0.0514286 0.0647344
0 0.557611 0.297336 0.0686651 0.118922
0 0.590937 0.255047 0.021171 0.0304063
