0 0.723734 0.401192 0.117031 0.296963
0 0.102422 0.801799 0.141594 0.376121
0 0.586 0.14125 0.04525 0.106332
0 0.272617 0.162161 0.0572344 0.15993
0 0.327617 0.019007 0.0123281 0.0323131
0 0.886656 0.0617991 0.0360625 0.0427103
0 0.918859 0.46785 0.0654062 0.17486
0 0.958328 0.438178 0.0833438 0.262009
0 0.201219 0.0272079 0.0164375 0.0449299
0 0.230453 0.0260981 0.0145 0.0520561
0 0.909461 0.0636565 0.0235156 0.0424533
0 0.898 0.426192 0.0660312 0.101308
0 0.988102 0.0600584 0.0227031 0.0295093
