5 0.5 0.4944 1.0 0.9888
0 0.417133 0.668683 0.117984 0.635967
0 0.932937 0.70225 0.134125 0.573033
0 0.659023 0.577817 0.100141 0.612967
0 0.795828 0.59215 0.205406 0.788767
0 0.561766 0.58095 0.09775 0.661433
0 0.324961 0.310117 0.00970312 0.0519667
0 0.505188 0.476283 0.0310625 0.300633
0 0.3125 0.544967 0.0964688 0.610733
0 0.462391 0.623533 0.07975 0.602067
0 0.381031 0.433117 0.0499687 0.258233
0 0.693664 0.343733 0.0281406 0.0737333
0 0.648617 0.367217 0.484922 0.199833
0 0.445242 0.350967 0.0291406 0.0881333
