0 0.569352 0.397706 0.123078 0.523365
0 0.505523 0.493976 0.0779531 0.5096
0 0.451211 0.486094 0.152422 0.709271
0 0.393352 0.796165 0.143578 0.387388
0 0.246891 0.408482 0.0715625 0.476118
0 0.622055 0.711412 0.143547 0.577176
0 0.702797 0.756176 0.117562 0.386376
0 0.0839063 0.796188 0.0998125 0.407624
0 0.731641 0.491941 0.0865625 0.340353
0 0.740164 0.865165 0.0925156 0.269671
0 0.0819297 0.364929 0.108672 0.459741
0 0.66868 0.416271 0.0852344 0.290329
0 0.191148 0.513353 0.0939844 0.479224
