2 0.725456 0.302383 0.165911 0.0887656
2 0.959159 0.394445 0.0816822 0.124922
2 0.622266 0.295031 0.0744393 0.0507812
2 0.946016 0.303258 0.105257 0.0573281
0 0.458458 0.270727 0.0372897 0.0427656
0 0.371425 0.263414 0.0332243 0.0290469
2 0.570771 0.261008 0.0378972 0.0137344
0 0.557629 0.272203 0.0393224 0.0261562
0 0.314019 0.265703 0.0301402 0.0244062
0 0.392161 0.277922 0.0250701 0.0405937
0 0.511963 0.271625 0.042757 0.0406875
2 0.58375 0.274492 0.0418458 0.0121094
2 0.540853 0.268352 0.0396495 0.0274219
2 0.809252 0.277055 0.0336449 0.00517188
