0 0.0814297 0.112371 0.0325469 0.0646392
0 0.912375 0.443454 0.172344 0.547526
0 0.217109 0.261302 0.0949062 0.427861
0 0.266008 0.117745 0.0469531 0.132294
0 0.842242 0.21192 0.0124531 0.031366
0 0.882125 0.319098 0.0885625 0.355052
0 0.593523 0.382784 0.102547 0.389742
0 0.7275 0.428531 0.182563 0.822474
0 0.0878672 0.485399 0.173016 0.714613
0 0.353539 0.421353 0.143047 0.653943
0 0.0516953 0.106804 0.0283594 0.0575258
0 0.460469 0.271018 0.246219 0.47982
0 0.540422 0.403595 0.110937 0.571366
