0 0.675898 0.679042 0.0711719 0.275833
0 0.550547 0.72101 0.0965938 0.173646
0 0.445086 0.764823 0.140703 0.261979
0 0.296547 0.875937 0.148031 0.248125
0 0.971906 0.607177 0.0561875 0.150562
0 0.236219 0.696323 0.122562 0.170729
0 0.917789 0.686729 0.0444844 0.1275
0 0.800508 0.698844 0.0509219 0.230896
0 0.396633 0.790167 0.0862656 0.144458
0 0.281953 0.546396 0.0186562 0.0292083
0 0.978336 0.721531 0.0433281 0.0992708
0 0.845172 0.658469 0.0696875 0.185854
0 0.214578 0.626281 0.0404062 0.0475625
