2 0.97657 0.468333 0.0162031 0.0145417
2 0.958375 0.423979 0.012125 0.0134167
2 0.924719 0.39375 0.010625 0.00925
2 0.880172 0.360542 0.0108438 0.010375
6 6.0 6.0 6.0 6.0
2 0.893742 0.369385 0.00917187 0.00927083
2 0.871477 0.354469 0.00948437 0.0103958
2 0.992289 0.447479 0.0154219 0.0168333
2 0.891078 0.383344 0.0131875 0.0134375
2 0.915242 0.386604 0.00885937 0.0102917
6 6.0 6.0 6.0 6.0
6 6.0 6.0 6.0 6.0
6 6.0 6.0 6.0 6.0
2 0.866594 0.35049 0.0065625 0.0101042
2 0.937867 0.405073 0.0110469 0.0131458
2 0.845445 0.342 0.00710937 0.00945833
