4 4.0 4.0 4.0 4.0
4 4.0 4.0 4.0 4.0
4 4.0 4.0 4.0 4.0
0 0.0245234 0.578911 0.0297969 0.0542155
0 0.0235938 0.673583 0.0329688 0.140796
0 0.0456875 0.63541 0.0381875 0.154145
0 0.0929375 0.636756 0.0351562 0.152014
0 0.116742 0.593431 0.0255781 0.0681265
0 0.101898 0.510433 0.0312344 0.114215
0 0.0880312 0.333864 0.019125 0.0896019
0 0.0657031 0.5224 0.0415937 0.124098
0 0.836047 0.601007 0.0338125 0.0827166
6 6.0 6.0 6.0 6.0
6 6.0 6.0 6.0 6.0
6 6.0 6.0 6.0 6.0
0 0.0147031 0.514133 0.0294063 0.126019
0 0.0633047 0.680714 0.0353594 0.135527
1 0.857805 0.6237 0.0303281 0.0419204
2 0.883836 0.728091 0.127453 0.161803
2 0.927852 0.885047 0.116578 0.149859
2 0.954898 0.919321 0.0902031 0.161358
2 0.479117 0.847494 0.148359 0.227635
2 0.56818 0.342576 0.0576719 0.0511007
2 0.516828 0.967904 0.14575 0.064192
2 0.226047 0.726054 0.162625 0.0768384
2 0.645359 0.332482 0.063875 0.0776112
4 4.0 4.0 4.0 4.0
4 4.0 4.0 4.0 4.0
4 4.0 4.0 4.0 4.0
6 6.0 6.0 6.0 6.0
2 0.815539 0.707904 0.0614219 0.133513
2 0.375563 0.275059 0.048125 0.0598595
2 0.542102 0.330726 0.0594219 0.083466
2 0.309227 0.730386 0.109234 0.132389
0 0.188016 0.655457 0.039375 0.131475
2 0.551102 0.813571 0.0575469 0.145738
4 4.0 4.0 4.0 4.0
