2 0.223188 0.513625 0.446375 0.950528
2 0.34193 0.435958 0.302109 0.773028
2 0.514469 0.350569 0.0480312 0.152806
2 0.529813 0.351792 0.039875 0.136417
0 0.835055 0.271625 0.0748281 0.317306
0 0.783867 0.27775 0.0518906 0.285222
0 0.978633 0.210736 0.0375156 0.28875
0 0.909141 0.249458 0.0681563 0.362472
0 0.949062 0.246403 0.0330937 0.201139
0 0.95825 0.146458 0.0166875 0.0673611
0 0.760211 0.278667 0.0322031 0.208278
2 0.495422 0.543 0.0272188 0.266111
2 0.494586 0.428083 0.0689219 0.238444
2 0.12375 0.747056 0.2475 0.501167
2 0.542242 0.332083 0.0284219 0.110278
0 0.730359 0.265444 0.02725 0.106222
0 0.862961 0.601125 0.270172 0.385806
