2 0.717307 0.819031 0.111429 0.0561562
2 0.332693 0.930719 0.201639 0.109875
2 0.649473 0.807531 0.0534192 0.0510625
4 4.0 4.0 4.0 4.0
0 0.225 0.930398 0.106112 0.133516
0 0.658993 0.928164 0.0823419 0.142203
0 0.776862 0.927531 0.168618 0.144937
0 0.113759 0.918352 0.163958 0.163297
0 0.207869 0.856289 0.0282436 0.0279531
0 0.177119 0.873 0.0399532 0.0589063
0 0.0346838 0.920289 0.0682436 0.159047
0 0.90171 0.908508 0.0455738 0.0737031
0 0.405691 0.837977 0.0375176 0.0309531
0 0.828419 0.894281 0.040726 0.055625
0 0.572775 0.857555 0.0315457 0.0722344
0 0.512166 0.838039 0.0332787 0.0441094
2 0.633513 0.761414 0.0307728 0.0258906
4 4.0 4.0 4.0 4.0
4 4.0 4.0 4.0 4.0
4 4.0 4.0 4.0 4.0
0 0.435269 0.835039 0.0383607 0.0315156
2 0.900094 0.770055 0.0749415 0.0629531
2 0.95582 0.937773 0.0883607 0.116484
