0 0.846484 0.541667 0.224625 0.707191
0 0.73075 0.373426 0.097375 0.219679
0 0.680141 0.349399 0.0939375 0.26313
0 0.624648 0.259213 0.0689844 0.135922
0 0.493375 0.370584 0.0968437 0.22198
0 0.496 0.267267 0.0699375 0.109831
0 0.526773 0.436269 0.0717969 0.13643
0 0.452695 0.486455 0.0879531 0.0828257
0 0.0842344 0.495347 0.094875 0.137157
0 0.259594 0.313266 0.084625 0.127005
0 0.717992 0.196633 0.0747031 0.123587
0 0.584602 0.340863 0.108016 0.247107
0 0.257711 0.224535 0.0422656 0.0707276
