4 0.257039 0.542225 0.174797 0.281593
4 0.689883 0.560714 0.0837969 0.142037
4 0.878102 0.553899 0.143266 0.109953
0 0.558086 0.669602 0.0711406 0.381265
0 0.150664 0.57596 0.0202031 0.118478
4 0.525008 0.568665 0.109984 0.188009
4 0.975562 0.567506 0.048875 0.114871
4 0.784477 0.55945 0.0508594 0.0829742
4 0.503273 0.547119 0.116578 0.173958
0 0.492164 0.535328 0.0137344 0.0564637
0 0.595805 0.548735 0.0169219 0.0679625
0 0.129828 0.589344 0.0288438 0.142295
0 0.0955547 0.576206 0.0145156 0.0762998
0 0.283984 0.521827 0.0305 0.0412178
4 0.630328 0.555304 0.039 0.085363
