0 0.440188 0.425887 0.0183125 0.019525
0 0.226523 0.612587 0.0348594 0.071525
0 0.35618 0.582412 0.0335781 0.041725
0 0.428086 0.557325 0.0260781 0.0792
0 0.490898 0.58085 0.0201406 0.05135
0 0.211594 0.754238 0.0699375 0.189025
0 0.40318 0.729988 0.101922 0.226825
0 0.522203 0.611737 0.0314063 0.054925
0 0.0723281 0.710113 0.0463438 0.058425
0 0.506508 0.717938 0.0608594 0.144875
0 0.912953 0.694925 0.0431563 0.1381
0 0.453883 0.533363 0.0213281 0.054925
0 0.965313 0.69605 0.0650937 0.14805
