0 0.49968 0.449555 0.140672 0.302061
0 0.156023 0.317447 0.0580469 0.136956
0 0.218109 0.271827 0.0235938 0.0348946
0 0.383945 0.253583 0.0345469 0.0767681
0 0.277445 0.250293 0.0314531 0.0603044
0 0.498508 0.27103 0.0296719 0.0429977
0 0.213852 0.237049 0.0339219 0.0837002
0 0.540359 0.232365 0.029625 0.0795785
0 0.659922 0.348244 0.0423125 0.0800937
0 0.146305 0.23219 0.0423281 0.0813349
0 0.137836 0.20781 0.0111719 0.0399766
0 0.526633 0.32534 0.0447656 0.129555
0 0.347633 0.188993 0.0160469 0.0682904
