5 5.0 5.0 5.0 5.0
5 5.0 5.0 5.0 5.0
0 0.792891 0.764918 0.0720313 0.301901
0 0.854039 0.730927 0.0589844 0.296033
0 0.545828 0.666373 0.0252188 0.119225
0 0.484414 0.639589 0.0128906 0.0774413
0 0.463617 0.642359 0.0120156 0.0657042
0 0.474016 0.639859 0.0137187 0.068169
0 0.450234 0.642441 0.011375 0.0723474
0 0.429773 0.62865 0.0136719 0.0565962
0 0.413336 0.62115 0.00854687 0.0430516
0 0.402047 0.621749 0.0118438 0.0369249
0 0.384641 0.628005 0.0120313 0.0375587
0 0.378617 0.625962 0.00810938 0.0464789
0 0.441617 0.644131 0.0157969 0.0768545
