2 0.0469141 0.912726 0.0911406 0.144397
4 4.0 4.0 4.0 4.0
0 0.18475 0.860088 0.0850625 0.255603
0 0.10568 0.850791 0.0840156 0.293693
0 0.951867 0.860829 0.0804531 0.272613
0 0.299375 0.763631 0.0614375 0.148668
0 0.465469 0.744472 0.0581875 0.187437
0 0.558242 0.747161 0.0778594 0.16995
0 0.742781 0.737977 0.0746563 0.167814
0 0.872516 0.720151 0.115656 0.187487
0 0.414031 0.798405 0.0588125 0.0887186
0 0.287469 0.809271 0.0859062 0.081608
0 0.911039 0.794472 0.0486719 0.119347
0 0.615367 0.784786 0.0495781 0.0821859
5 5.0 5.0 5.0 5.0
