0 0.509797 0.54399 0.175406 0.159021
0 0.632602 0.377792 0.103641 0.315708
0 0.598344 0.371802 0.141625 0.335063
0 0.701523 0.41651 0.0600156 0.349771
0 0.726266 0.362646 0.113094 0.265792
0 0.848367 0.36751 0.161828 0.248729
0 0.528141 0.368792 0.0395313 0.260583
0 0.472508 0.383688 0.0923281 0.284833
0 0.417109 0.395073 0.0762812 0.290729
0 0.0846172 0.445156 0.113672 0.393771
0 0.349977 0.393792 0.0734219 0.269417
0 0.224375 0.311073 0.0895 0.151938
0 0.183477 0.55724 0.0489219 0.0931875
