0 0.364367 0.521864 0.122547 0.135387
0 0.0742891 0.514795 0.148578 0.452907
0 0.753797 0.374818 0.0249688 0.0568088
0 0.536031 0.463381 0.101594 0.329637
0 0.301281 0.489526 0.0857187 0.118357
0 0.493102 0.359242 0.0461094 0.0724803
0 0.155633 0.447409 0.0722656 0.124487
0 0.638484 0.498096 0.066 0.105861
0 0.263484 0.313365 0.0139375 0.0130806
0 0.459039 0.345111 0.0536719 0.0463665
0 0.49032 0.597299 0.115391 0.176524
0 0.262484 0.472717 0.0534687 0.0714692
0 0.00992969 0.33342 0.0178906 0.0542654
