2 0.811281 0.820409 0.182125 0.106472
0 0.0884844 0.804568 0.0128438 0.0638551
0 0.0104766 0.824124 0.0204219 0.133154
0 0.0545703 0.827161 0.0346406 0.119182
0 0.625219 0.807114 0.0174687 0.0989953
0 0.600836 0.795117 0.0170469 0.0757944
0 0.590023 0.79125 0.0138906 0.0789486
0 0.0434141 0.786285 0.0202031 0.0298598
0 0.64257 0.768213 0.0151719 0.0337617
0 0.677 0.806682 0.0189062 0.0931776
0 0.641133 0.816647 0.0159531 0.0732944
0 0.333406 0.802033 0.0215938 0.0796262
0 0.109875 0.796145 0.01375 0.0686916
0 0.718688 0.791098 0.01925 0.0813084
