0 0.947172 0.614534 0.0869062 0.227368
0 0.880273 0.678897 0.0897031 0.304352
0 0.334258 0.347439 0.131766 0.15415
0 0.821125 0.803603 0.115719 0.367733
0 0.727734 0.782976 0.102688 0.361903
0 0.498227 0.218128 0.0605469 0.103097
0 0.581867 0.720395 0.0731094 0.362733
0 0.415586 0.759646 0.0829531 0.295688
0 0.21743 0.782419 0.0887656 0.296781
0 0.299383 0.757723 0.0697344 0.298806
0 0.35957 0.748674 0.0709531 0.306903
0 0.661203 0.734504 0.0989063 0.360142
0 0.449961 0.2658 0.0495156 0.185729
