0 0.717133 0.594385 0.490453 0.784271
0 0.319883 0.966656 0.0240469 0.0666875
0 0.13643 0.959448 0.0590469 0.0811042
0 0.353602 0.97625 0.0125469 0.046125
0 0.229312 0.959156 0.0511563 0.0816875
0 0.373633 0.954021 0.0126406 0.02725
0 0.341516 0.967219 0.0111562 0.0317292
0 0.478727 0.961865 0.0170156 0.0727292
0 0.0568203 0.932594 0.00948437 0.0334792
0 0.438195 0.984125 0.0344844 0.03175
0 0.263492 0.95825 0.0196719 0.053
0 0.961352 0.960656 0.0200781 0.0487292
0 0.0635234 0.956604 0.0301719 0.0867917
