0 0.354859 0.618896 0.663781 0.566583
0 0.833578 0.466427 0.209781 0.227313
0 0.853281 0.411719 0.0444063 0.0659375
0 0.831164 0.411083 0.0160781 0.0349583
0 0.718641 0.449802 0.0407187 0.0456458
0 0.182398 0.425948 0.0471406 0.121188
0 0.0580703 0.430729 0.0238906 0.0627083
0 0.236125 0.421323 0.00846875 0.0237292
0 0.761914 0.427927 0.0637656 0.0861875
0 0.342859 0.529573 0.226406 0.312521
0 0.409109 0.42374 0.0107813 0.0325208
0 0.872797 0.399594 0.0210625 0.0523542
0 0.381523 0.411781 0.0159219 0.0441042
