2 0.152062 0.353682 0.14075 0.177741
0 0.546367 0.648023 0.190484 0.572699
0 0.283641 0.647343 0.177906 0.669665
0 0.125312 0.685795 0.240594 0.62841
0 0.182273 0.394613 0.0608594 0.252908
0 0.227023 0.311077 0.0195781 0.0962552
0 0.0662578 0.307688 0.0922969 0.155042
0 0.0337031 0.432427 0.0674063 0.32113
6 0.620844 0.495136 0.758312 0.982029
0 0.160992 0.266799 0.0205156 0.0287029
0 0.0167266 0.274707 0.0174219 0.0375314
0 0.642984 0.192845 0.0342187 0.0458159
0 0.744719 0.403504 0.0574063 0.111192
