0 0.246203 0.49825 0.0999063 0.274542
0 0.568797 0.237219 0.0335 0.0803125
0 0.519437 0.227531 0.0376875 0.0996458
0 0.498516 0.25151 0.044625 0.0523958
0 0.460484 0.284198 0.0536875 0.130604
0 0.927656 0.373281 0.0681875 0.252021
0 0.488773 0.207104 0.0340781 0.0820833
0 0.362602 0.237969 0.0541719 0.0848542
0 0.890461 0.690781 0.168453 0.262813
0 0.0890391 0.55574 0.101078 0.134771
0 0.0635859 0.503563 0.0894219 0.180625
0 0.547164 0.278823 0.0520469 0.128604
0 0.0501094 0.292281 0.0640625 0.120896
