0 0.44089 0.742789 0.11897 0.222641
0 0.663337 0.592344 0.111405 0.222969
0 0.821358 0.509922 0.0351288 0.0706563
0 0.761616 0.520242 0.0425761 0.0890469
0 0.242131 0.508391 0.0381733 0.0893125
0 0.890258 0.513859 0.0197658 0.0266875
0 0.105937 0.543727 0.0923419 0.153578
0 0.190199 0.517344 0.0308431 0.0673438
0 0.849297 0.51318 0.0235597 0.0441094
0 0.961663 0.501242 0.0251522 0.0443281
0 0.458946 0.500453 0.0209368 0.0255937
0 0.498443 0.491195 0.0213817 0.0594844
0 0.737119 0.497195 0.0160656 0.0291094
