0 0.234109 0.565281 0.195969 0.847518
0 0.499266 0.517002 0.134937 0.620234
0 0.612195 0.494508 0.127578 0.505504
0 0.904859 0.496101 0.122656 0.403255
0 0.786281 0.443126 0.109062 0.326909
0 0.142578 0.433068 0.0684687 0.245714
0 0.412062 0.431756 0.0524063 0.25185
0 0.721516 0.402283 0.0334688 0.168361
0 0.013375 0.495913 0.0242812 0.371593
0 0.0699922 0.382307 0.0562344 0.187518
0 0.950422 0.409379 0.0556875 0.172951
0 0.111836 0.383571 0.0452344 0.21089
0 0.956461 0.329379 0.0250156 0.03726
