3 0.429555 0.612365 0.640203 0.51911
0 0.765148 0.53 0.153016 0.315269
0 0.473031 0.455059 0.319344 0.622482
0 0.696633 0.21356 0.0588594 0.160515
0 0.766891 0.638208 0.142437 0.350562
0 0.753711 0.179169 0.0402344 0.117916
0 0.860094 0.319169 0.0992187 0.252389
0 0.884375 0.54678 0.134906 0.388173
0 0.796352 0.206581 0.0510469 0.0918033
0 0.222031 0.435164 0.105937 0.203864
0 0.140172 0.493841 0.122687 0.235738
0 0.173703 0.33767 0.116187 0.356838
0 0.286438 0.272307 0.0994687 0.16897
0 0.0940938 0.258115 0.08175 0.213794
