0 0.490016 0.724482 0.113094 0.3236
0 0.440961 0.591212 0.0907656 0.183035
0 0.256875 0.765565 0.144219 0.311365
0 0.10775 0.717659 0.212125 0.339459
0 0.104438 0.382282 0.0837813 0.108141
0 0.256844 0.393776 0.0532188 0.0775294
0 0.896172 0.550506 0.082375 0.207835
0 0.303836 0.347035 0.0392969 0.106024
0 0.376688 0.388718 0.05475 0.0773412
0 0.500383 0.385541 0.0425156 0.0828471
0 0.0483516 0.641941 0.0726719 0.143035
0 0.169781 0.383188 0.0531563 0.103459
0 0.180672 0.309259 0.021875 0.0710353
