0 0.587836 0.79911 0.0572656 0.116159
0 0.566836 0.69192 0.0516719 0.172319
0 0.477945 0.726522 0.0670156 0.255621
0 0.416102 0.711639 0.0606094 0.283419
0 0.368062 0.715714 0.046625 0.216628
0 0.330047 0.715902 0.0424375 0.165105
0 0.17168 0.741956 0.0733594 0.322365
0 0.0830156 0.759871 0.066375 0.130187
0 0.0807734 0.662717 0.0350156 0.0794379
0 0.253953 0.671241 0.02975 0.098548
0 0.683766 0.696253 0.0265312 0.155316
0 0.21593 0.730761 0.0265156 0.118337
0 0.0403984 0.75856 0.0238281 0.103162
