0 0.468404 0.416625 0.314085 0.538281
0 0.118685 0.442422 0.23216 0.244844
0 0.832101 0.442375 0.111009 0.100031
0 0.67939 0.45907 0.0676995 0.0557969
0 0.586127 0.468406 0.0488732 0.0362813
0 0.312136 0.464477 0.0717371 0.0427031
0 0.787559 0.344023 0.0946948 0.0577031
0 0.613087 0.306609 0.0690376 0.0496875
0 0.854366 0.303422 0.0523474 0.0505625
0 0.952911 0.23507 0.0941784 0.0764531
0 0.815528 0.189367 0.0945775 0.0611719
0 0.630634 0.163336 0.116573 0.0977969
0 0.338791 0.116398 0.0746714 0.102859
