0 0.411094 0.819239 0.141406 0.361522
0 0.658977 0.795246 0.0688594 0.268478
0 0.779656 0.775105 0.087375 0.320609
0 0.919531 0.761347 0.0835313 0.314965
0 0.511945 0.75418 0.0477344 0.251124
0 0.478805 0.755316 0.0362969 0.236909
0 0.196578 0.849028 0.0564375 0.301944
0 0.09125 0.775785 0.1825 0.448431
0 0.147852 0.657693 0.0426094 0.0774473
0 0.328445 0.773173 0.0737344 0.2974
0 0.978164 0.679122 0.0134844 0.0713583
0 0.0194922 0.620785 0.0329844 0.0719204
0 0.731219 0.707951 0.0265 0.175761
