0 0.554328 0.0551405 0.041 0.0908899
0 0.642461 0.276604 0.0940469 0.29377
0 0.426727 0.137342 0.0342969 0.126628
0 0.485914 0.534883 0.126016 0.25548
0 0.672734 0.575023 0.121812 0.180632
0 0.969281 0.313478 0.0614375 0.0696721
0 0.789133 0.312049 0.0466094 0.06274
0 0.764133 0.302447 0.0450781 0.0740749
0 0.85807 0.313735 0.0641406 0.0695316
0 0.709406 0.304731 0.0556875 0.0771429
0 0.745836 0.534122 0.0982344 0.235363
0 0.473984 0.28137 0.0430938 0.105691
0 0.66107 0.0574473 0.0637031 0.108899
