2 0.56737 0.535961 0.07802 0.0844144
2 0.94472 0.611817 0.11056 0.126877
2 0.93575 0.57955 0.12842 0.164625
2 0.50628 0.504655 0.03944 0.0448649
2 0.36922 0.491291 0.04008 0.0329129
4 4.0 4.0 4.0 4.0
0 0.43039 0.762913 0.38814 0.445165
0 0.09045 0.526051 0.03318 0.165435
0 0.25162 0.53 0.03216 0.151111
0 0.04942 0.510901 0.02144 0.113634
0 0.02838 0.504204 0.04452 0.126006
0 0.06379 0.511381 0.02406 0.113574
2 0.47281 0.492538 0.02958 0.0397898
2 0.54038 0.473003 0.01628 0.0244444
0 0.93375 0.492327 0.0433 0.0675375
2 0.43214 0.484489 0.02032 0.0245946
