0 0.591289 0.537266 0.168547 0.707196
0 0.67825 0.583201 0.116781 0.437944
0 0.7855 0.46035 0.0689375 0.108692
0 0.0383125 0.394311 0.064375 0.108341
0 0.0969531 0.400012 0.0498125 0.115864
0 0.13475 0.422185 0.0440313 0.0982477
0 0.103852 0.454147 0.0745781 0.0939019
0 0.229828 0.463797 0.0668125 0.0750701
0 0.317414 0.46236 0.0575781 0.0831308
0 0.484219 0.401472 0.0845937 0.214907
0 0.424266 0.309825 0.083125 0.150584
0 0.132555 0.356729 0.0322969 0.0959346
0 0.372398 0.437453 0.0928281 0.140514
