2 0.481563 0.580375 0.0451562 0.0664169
0 0.433789 0.571944 0.0106719 0.0241686
3 0.114008 0.650867 0.0517656 0.0659016
3 0.0445938 0.64822 0.0556875 0.088993
3 0.537414 0.579859 0.0131406 0.0275878
3 0.580719 0.577237 0.0108438 0.0270726
3 0.568781 0.567026 0.00934375 0.0176581
3 0.932039 0.607939 0.0600469 0.109789
3 0.605797 0.579508 0.0105 0.0290867
3 0.965836 0.594543 0.0683281 0.20637
3 0.271047 0.607213 0.0209063 0.0438876
3 0.59225 0.57808 0.00978125 0.0288993
3 0.901383 0.601253 0.0457969 0.105738
3 0.662445 0.568712 0.00845313 0.0212178
4 0.640805 0.537295 0.0229219 0.0233021
3 0.621117 0.579918 0.0142969 0.034918
