0 0.132609 0.763698 0.160406 0.449654
0 0.762258 0.743422 0.108859 0.477949
0 0.522555 0.71182 0.0749219 0.41553
0 0.623547 0.65553 0.0643438 0.345438
0 0.425297 0.754217 0.103625 0.458433
0 0.277 0.753859 0.113031 0.451221
0 0.204773 0.730876 0.0846406 0.464977
0 0.0424844 0.745288 0.05875 0.443157
0 0.716508 0.741014 0.0436406 0.433502
0 0.856422 0.726959 0.0975312 0.514608
0 0.498617 0.434113 0.0398906 0.0541244
0 0.865633 0.466279 0.0137031 0.0164747
0 0.134445 0.468537 0.0488594 0.112189
