0 0.573039 0.477531 0.0606719 0.141563
0 0.529555 0.695948 0.109797 0.587854
0 0.460531 0.432312 0.0230937 0.111208
0 0.773023 0.522531 0.0856094 0.265521
0 0.821211 0.39325 0.0146406 0.049
0 0.723812 0.442854 0.033 0.127
0 0.749773 0.401885 0.0207656 0.0534375
0 0.475906 0.416865 0.0215312 0.0753958
0 0.522625 0.435833 0.03325 0.109333
0 0.495797 0.397875 0.019 0.0219167
0 0.575914 0.408594 0.0188594 0.0626042
0 0.556531 0.408 0.0225 0.0666667
0 0.348148 0.533052 0.0814844 0.292854
