0 0.31875 0.572564 0.142 0.325597
0 0.443852 0.627869 0.180859 0.228571
0 0.685867 0.558653 0.172453 0.380492
0 0.547695 0.19219 0.0788594 0.262834
0 0.70807 0.16589 0.113391 0.284754
0 0.838211 0.179052 0.0693281 0.250562
0 0.939375 0.169133 0.0878437 0.217237
0 0.334531 0.104637 0.0693438 0.0744262
0 0.324867 0.0702459 0.0972344 0.0968384
0 0.265586 0.107412 0.0655469 0.0832084
0 0.209016 0.121499 0.0536875 0.0570492
0 0.230938 0.0748595 0.037 0.0880328
0 0.0619141 0.117717 0.0614531 0.0735129
