4 4.0 4.0 4.0 4.0
0 0.190398 0.962476 0.0291719 0.058754
0 0.263148 0.972604 0.0157344 0.0547923
0 0.444867 0.966166 0.0293281 0.0579553
0 0.109266 0.957316 0.0194062 0.0439617
0 0.972258 0.536326 0.0554844 0.255016
0 0.301828 0.958291 0.0154375 0.0565815
0 0.257797 0.957412 0.0298125 0.0851757
0 0.171531 0.964361 0.0181562 0.071278
6 6.0 6.0 6.0 6.0
0 0.961078 0.54 0.0415312 0.161534
0 0.53343 0.947236 0.0460156 0.0422045
0 0.354016 0.972332 0.0237813 0.0553355
0 0.248703 0.963514 0.0170625 0.0401278
0 0.227398 0.965463 0.0141406 0.0551438
