0 0.144266 0.492604 0.0271875 0.053
0 0.805172 0.669906 0.0279375 0.0862708
0 0.697797 0.46876 0.0189062 0.0404792
0 0.260727 0.53701 0.0184219 0.0638125
0 0.397086 0.412979 0.0104219 0.0309583
0 0.422539 0.397802 0.00573437 0.0205625
0 0.659742 0.47024 0.0149844 0.0434792
0 0.286203 0.527948 0.0166875 0.0516875
0 0.127039 0.435677 0.0102031 0.0387708
0 0.30793 0.424708 0.0126719 0.0337917
0 0.279859 0.405865 0.0100313 0.0323542
0 0.360383 0.461646 0.0171094 0.0376667
0 0.351156 0.410677 0.0151562 0.0326042
