0 0.596695 0.345164 0.0637656 0.178712
0 0.832594 0.388618 0.0237188 0.0852927
0 0.439758 0.398361 0.0182969 0.106698
0 0.268969 0.35596 0.0272812 0.0579157
0 0.381172 0.399859 0.024875 0.0998595
0 0.360508 0.374251 0.0206094 0.0399297
0 0.13718 0.392283 0.0404844 0.11459
0 0.0607344 0.382553 0.0223125 0.0861827
0 0.961797 0.385398 0.0195 0.0696721
0 0.0299922 0.38089 0.0299844 0.105621
0 0.880687 0.357319 0.0225625 0.0464403
0 0.119531 0.387412 0.0224688 0.107143
6 0.154172 0.369028 0.179125 0.150468
0 0.0465469 0.389309 0.0145 0.112763
