2 0.424937 0.575582 0.0769375 0.0630977
6 0.213648 0.619096 0.420547 0.415738
6 0.448805 0.540863 0.0791406 0.0905821
0 0.752969 0.575863 0.0168125 0.0140125
2 0.787883 0.6371 0.188797 0.184927
2 0.562273 0.555249 0.0424531 0.0456757
2 0.586898 0.551123 0.0203594 0.0372557
2 0.602758 0.547121 0.0260156 0.0314969
2 0.617086 0.545842 0.0175781 0.0258212
2 0.688867 0.544802 0.0204844 0.0214553
2 0.378664 0.554626 0.0178594 0.0213098
2 0.511148 0.563067 0.0582656 0.0498337
2 0.707805 0.543025 0.0196406 0.0138669
