0 0.478906 0.58025 0.216312 0.763708
0 0.767984 0.617115 0.238656 0.765771
0 0.159633 0.397667 0.0954531 0.354375
0 0.0722969 0.417094 0.126812 0.312312
0 0.315156 0.438917 0.0640312 0.21275
0 0.262867 0.303792 0.0279531 0.108833
0 0.223219 0.338615 0.0445313 0.205312
0 0.638727 0.389177 0.0736406 0.263396
0 0.675234 0.328542 0.0140313 0.0607917
0 0.730859 0.35425 0.0435938 0.200083
0 0.0150234 0.482615 0.0291094 0.198062
0 0.905898 0.443135 0.0522344 0.262937
0 0.324797 0.364177 0.0748438 0.242938
