0 0.763188 0.346674 0.195 0.291101
0 0.301992 0.282564 0.134047 0.244614
0 0.135688 0.381639 0.127438 0.305621
0 0.216117 0.676628 0.314766 0.604965
0 0.869125 0.269368 0.1125 0.263232
0 0.461953 0.280913 0.124687 0.243279
0 0.957414 0.49692 0.0851719 0.404941
0 0.210305 0.109941 0.0528594 0.0782436
0 0.0860078 0.500504 0.133797 0.375199
0 0.978273 0.190304 0.0395781 0.223888
0 0.834977 0.12952 0.0382031 0.0826464
0 0.82568 0.69274 0.331766 0.61452
0 0.621125 0.3074 0.13125 0.22726
