2 0.989164 0.351882 0.0216719 0.118764
0 0.428664 0.367953 0.0524531 0.21283
0 0.534406 0.44864 0.0529687 0.449863
0 0.701984 0.40592 0.106313 0.479533
0 0.363234 0.314918 0.0555937 0.205385
0 0.604055 0.395591 0.0834531 0.440192
0 0.466008 0.359574 0.0503281 0.253049
0 0.64007 0.405934 0.0576719 0.390385
0 0.426195 0.30581 0.0568906 0.151016
0 0.823563 0.556923 0.152031 0.849011
0 0.166648 0.35897 0.0723906 0.373929
0 0.151328 0.361415 0.0542813 0.306511
0 0.196984 0.344409 0.0313437 0.244093
0 0.913922 0.503242 0.159031 0.817912
