0 0.63707 0.762323 0.00554687 0.0195208
6 6.0 6.0 6.0 6.0
6 6.0 6.0 6.0 6.0
6 6.0 6.0 6.0 6.0
6 6.0 6.0 6.0 6.0
6 6.0 6.0 6.0 6.0
0 0.612578 0.963865 0.00834375 0.0342708
0 0.0651094 0.729292 0.00825 0.0183333
2 0.114773 0.964521 0.0416719 0.0345
2 0.084625 0.950552 0.041375 0.0313958
4 4.0 4.0 4.0 4.0
6 6.0 6.0 6.0 6.0
2 0.226336 0.888083 0.0322656 0.02775
2 0.17893 0.938937 0.0338906 0.030625
2 0.18782 0.88076 0.0344531 0.0336458
2 0.226437 0.932323 0.0415 0.0311042
2 0.237727 0.849812 0.0294531 0.026125
2 0.266031 0.864594 0.0316563 0.0261458
6 6.0 6.0 6.0 6.0
6 6.0 6.0 6.0 6.0
6 6.0 6.0 6.0 6.0
6 6.0 6.0 6.0 6.0
6 6.0 6.0 6.0 6.0
2 0.133438 0.918188 0.0448125 0.0389583
2 0.428406 0.64401 0.0157813 0.0145208
2 0.673961 0.68449 0.0166719 0.0176458
2 0.671289 0.720271 0.0224844 0.0292917
2 0.408125 0.709906 0.0223125 0.0174375
6 6.0 6.0 6.0 6.0
0 0.821023 0.761437 0.00892187 0.019375
4 4.0 4.0 4.0 4.0
6 6.0 6.0 6.0 6.0
