2 0.909016 0.460457 0.179656 0.132108
2 0.655188 0.451124 0.0719687 0.114614
2 0.967172 0.372588 0.0215312 0.0142155
0 0.587367 0.521183 0.252641 0.360117
0 0.296781 0.454953 0.178812 0.279274
0 0.116797 0.434696 0.0616563 0.101288
0 0.790266 0.495293 0.08275 0.340796
0 0.164188 0.426628 0.045 0.0646838
2 0.898477 0.387658 0.0464844 0.0213583
2 0.939805 0.383501 0.0354531 0.0199297
2 0.762156 0.38466 0.0216875 0.0170023
2 0.825008 0.383255 0.0249844 0.0147541
2 0.845219 0.381967 0.0179375 0.0140047
2 0.871539 0.379625 0.0232969 0.0120843
0 0.0546172 0.404731 0.0470156 0.0392037
