2 0.231729 0.793617 0.103792 0.0534219
2 0.411354 0.776008 0.0562083 0.0336406
2 0.492281 0.768055 0.0217708 0.0154531
2 0.67275 0.786352 0.0362083 0.0402969
2 0.702229 0.792398 0.0529583 0.0688906
2 0.7305 0.79893 0.0685417 0.0897031
2 0.846052 0.82857 0.254688 0.170359
2 0.343906 0.785922 0.0828958 0.0395937
2 0.668771 0.775172 0.0443333 0.039125
2 0.899229 0.886039 0.201542 0.223266
2 0.449219 0.770461 0.0208125 0.0162656
2 0.584687 0.770594 0.0297083 0.0192812
6 6.0 6.0 6.0 6.0
