0 0.866187 0.092021 0.0611875 0.130724
0 0.831789 0.0849416 0.0616094 0.105631
0 0.642375 0.117033 0.0614375 0.136822
0 0.392859 0.101227 0.0531875 0.121893
0 0.477445 0.098271 0.0724531 0.148692
0 0.0984688 0.107582 0.0660625 0.138621
0 0.0370625 0.0984229 0.0469062 0.133481
0 0.945594 0.313248 0.108813 0.401776
0 0.663953 0.114918 0.0199063 0.0592757
0 0.422172 0.0719626 0.0304375 0.0693925
0 0.532969 0.165783 0.0675937 0.268995
0 0.589391 0.110339 0.0208438 0.079229
0 0.679648 0.124801 0.0229531 0.0373131
