1 0.428648 0.772089 0.0951406 0.0537559
0 0.371711 0.671514 0.00770312 0.0328404
0 0.19475 0.663885 0.0081875 0.0176761
0 0.272336 0.67108 0.00592188 0.0135681
0 0.297312 0.664894 0.00459375 0.0239671
0 0.339648 0.66311 0.00779687 0.0269249
0 0.376906 0.664448 0.00678125 0.0190845
0 0.412531 0.663685 0.004375 0.0184977
0 0.457187 0.646491 0.00609375 0.0125117
0 0.209172 0.67216 0.00671875 0.0161972
0 0.294453 0.665786 0.0044375 0.0171596
0 0.321586 0.662465 0.0118906 0.0347887
0 0.0724844 0.670129 0.00946875 0.0201643
0 0.261758 0.668674 0.00614063 0.0198826
