0 0.130617 0.51704 0.160766 0.170397
0 0.769719 0.640659 0.206188 0.318724
0 0.91407 0.522657 0.154172 0.169833
0 0.523984 0.864864 0.196813 0.247762
0 0.164016 0.786036 0.324656 0.403159
0 0.904156 0.30999 0.0400625 0.103033
0 0.531547 0.639895 0.211406 0.236987
0 0.276055 0.493044 0.133359 0.147552
0 0.33018 0.447082 0.0379219 0.0840377
0 0.565469 0.485889 0.0897187 0.113201
0 0.459305 0.436056 0.0838594 0.0882636
0 0.400297 0.501862 0.112531 0.117866
0 0.897352 0.824184 0.205297 0.347071
