2 0.894048 0.511828 0.210188 0.301063
2 0.0120607 0.454914 0.0238285 0.0230156
0 0.432416 0.537781 0.404038 0.663094
0 0.220847 0.469234 0.187008 0.313531
0 0.786339 0.458 0.0327197 0.051125
0 0.714195 0.451367 0.0323222 0.0343594
0 0.699446 0.446461 0.0158368 0.0186406
0 0.684195 0.471516 0.0206904 0.0482812
0 0.0599163 0.380375 0.00916318 0.0139687
0 0.743567 0.451555 0.0139121 0.0327344
0 0.245805 0.213734 0.0188075 0.0225625
0 0.820324 0.446234 0.0175105 0.0361875
2 0.0587343 0.456914 0.0257531 0.0135781
6 6.0 6.0 6.0 6.0
0 0.123944 0.457437 0.00621339 0.0152812
0 0.755188 0.458578 0.0191213 0.049
6 6.0 6.0 6.0 6.0
