0 0.398141 0.696177 0.0370313 0.0856875
0 0.464898 0.68851 0.0300469 0.0841458
0 0.612195 0.702417 0.0290469 0.0695
0 0.706922 0.689229 0.0179063 0.084125
0 0.667844 0.628646 0.0108125 0.028875
0 0.632328 0.61474 0.0100313 0.0215625
0 0.543625 0.621021 0.0100625 0.024625
0 0.591945 0.604771 0.00779687 0.0199167
0 0.280047 0.742021 0.0260312 0.0504167
0 0.557937 0.611396 0.00703125 0.0182917
0 0.694695 0.65626 0.0157656 0.0480625
0 0.604078 0.676937 0.02525 0.067875
0 0.582016 0.605198 0.007375 0.0188125
