0 0.367516 0.660963 0.127031 0.401794
0 0.483734 0.57907 0.0548438 0.237484
0 0.70082 0.691488 0.114234 0.359606
0 0.672164 0.545438 0.0572344 0.138972
0 0.775211 0.567746 0.0798906 0.297243
0 0.563555 0.51267 0.0345469 0.138162
0 0.451047 0.558698 0.0653125 0.258315
0 0.406508 0.474103 0.0180156 0.0540263
0 0.599117 0.493053 0.0186406 0.0861926
0 0.580727 0.506915 0.0177656 0.112473
0 0.623031 0.501838 0.0203438 0.125295
0 0.433555 0.481794 0.0144531 0.0227571
0 0.507156 0.478643 0.028875 0.0662582
