0 0.556539 0.480615 0.0491406 0.193687
0 0.604844 0.533229 0.0669687 0.307208
0 0.398695 0.607906 0.101828 0.143813
0 0.500164 0.588802 0.0852969 0.0861042
0 0.0736719 0.521865 0.0795625 0.101354
0 0.448742 0.54575 0.0715469 0.216917
0 0.420727 0.42974 0.0148281 0.0231458
0 0.152688 0.421625 0.0190625 0.0450417
0 0.978156 0.397437 0.00953125 0.0205417
0 0.862203 0.461438 0.0462187 0.228875
0 0.173422 0.415167 0.00734375 0.01175
0 0.409125 0.442365 0.0146563 0.0314375
0 0.955969 0.399896 0.0136562 0.02325
