0 0.757945 0.880126 0.0242031 0.0905882
0 0.713367 0.881775 0.0244219 0.0902311
0 0.423523 0.83646 0.0192969 0.055021
0 0.622633 0.824254 0.0126719 0.0232143
0 0.733461 0.851943 0.0145781 0.0669958
0 0.793242 0.881187 0.0236406 0.082458
0 0.83382 0.846691 0.0132344 0.0293487
0 0.566453 0.874716 0.0181875 0.0508613
0 0.584852 0.870567 0.0176719 0.0556723
2 0.633828 0.870725 0.0827813 0.0723319
6 0.883516 0.91604 0.180406 0.135609
0 0.780844 0.852763 0.009 0.0643487
0 0.551656 0.844233 0.0140937 0.0509454
0 0.613484 0.874863 0.0249688 0.0469958
0 0.687023 0.852962 0.0141406 0.0593277
