0 0.584013 0.451625 0.63315 0.680906
0 0.916831 0.263695 0.0665655 0.0690781
0 0.963871 0.244836 0.0636433 0.100797
0 0.352049 0.340586 0.0887287 0.146578
0 0.933321 0.233766 0.0157495 0.0565312
0 0.775844 0.273148 0.0379507 0.0715469
0 0.862761 0.252805 0.0614991 0.0959844
0 0.798937 0.278945 0.046148 0.0811406
0 0.744089 0.290664 0.0723909 0.0834531
0 0.266509 0.340844 0.0796205 0.14725
0 0.291186 0.355102 0.0479507 0.122891
0 0.184801 0.397023 0.274231 0.279359
0 0.440455 0.323781 0.0604934 0.0525312
