0 0.443195 0.257689 0.108547 0.515377
0 0.283578 0.263358 0.119781 0.523601
0 0.639305 0.25281 0.101016 0.50562
0 0.947859 0.101545 0.104281 0.196569
0 0.0628359 0.395706 0.125672 0.23219
0 0.201117 0.259161 0.0736406 0.41472
0 0.843898 0.122603 0.102797 0.244428
0 0.547664 0.258054 0.125547 0.507883
0 0.764852 0.0393187 0.0808281 0.0741606
0 0.109281 0.255316 0.0895 0.296521
0 0.0242578 0.167689 0.0387031 0.0907543
0 0.340102 0.073674 0.0536094 0.147348
0 0.388023 0.278175 0.0567969 0.44219
