0 0.950992 0.198019 0.0867031 0.205415
0 0.906281 0.535519 0.183094 0.731494
0 0.829094 0.426836 0.131469 0.612925
0 0.720562 0.199274 0.109469 0.155145
0 0.528758 0.181193 0.0899531 0.135539
0 0.482797 0.160778 0.07975 0.139564
0 0.618578 0.170788 0.0896875 0.148299
0 0.88732 0.146971 0.0672344 0.137137
0 0.580797 0.148869 0.061875 0.140851
0 0.530539 0.122697 0.0480156 0.0852697
0 0.0407266 0.289295 0.0814531 0.313734
0 0.0930234 0.272873 0.145797 0.303299
0 0.672633 0.169336 0.0642656 0.163983
