0 0.574328 0.916395 0.0340312 0.167211
0 0.651617 0.921467 0.0654844 0.157066
0 0.494367 0.915558 0.0522031 0.168884
0 0.448023 0.913533 0.0532656 0.172934
0 0.414062 0.908326 0.0266875 0.118017
0 0.34107 0.910393 0.0309531 0.132107
0 0.307359 0.907562 0.034375 0.110744
0 0.0186953 0.898874 0.0373906 0.161798
0 0.101727 0.920599 0.0698906 0.158802
0 0.254266 0.901756 0.0300938 0.127686
0 0.378875 0.907738 0.0300625 0.144112
0 0.870102 0.88343 0.0345469 0.0497934
0 0.405148 0.902552 0.0226719 0.126302
