0 0.490016 0.73399 0.168875 0.501111
0 0.681547 0.741465 0.169313 0.517071
0 0.328609 0.698434 0.0687187 0.198788
0 0.745844 0.489848 0.008625 0.0235859
0 0.565094 0.476944 0.0099375 0.0194949
0 0.384938 0.696477 0.0259375 0.112045
0 0.226328 0.796616 0.091375 0.406768
0 0.174867 0.706793 0.0302969 0.22596
0 0.513484 0.467449 0.00875 0.0334343
0 0.728922 0.445177 0.0086875 0.0396465
0 0.835023 0.425341 0.0109844 0.0283081
0 0.669336 0.457311 0.00723437 0.0376515
0 0.601078 0.442247 0.008125 0.0359091
