6 6.0 6.0 6.0 6.0
0 0.39682 0.510319 0.0445781 0.0775833
0 0.487586 0.508722 0.0283281 0.0671111
0 0.560344 0.530681 0.0223125 0.0770833
0 0.619805 0.522208 0.0103281 0.0359722
0 0.260695 0.532264 0.0547031 0.189639
0 0.582664 0.519167 0.0188594 0.044
0 0.605273 0.509958 0.00957812 0.0171944
0 0.527328 0.532917 0.02975 0.105389
0 0.646617 0.538222 0.0214844 0.0455
0 0.656805 0.524458 0.0112969 0.0295833
0 0.628797 0.525222 0.00871875 0.0348889
0 0.668375 0.524625 0.009375 0.0273611
