0 0.344976 0.664172 0.200259 0.25275
0 0.117565 0.654469 0.132824 0.218719
0 0.660988 0.652008 0.0449412 0.0502656
0 0.499824 0.641578 0.0379059 0.023875
0 0.925318 0.714039 0.1 0.166859
0 0.944906 0.646133 0.0254824 0.0384844
0 0.981624 0.694617 0.0367529 0.129234
0 0.857918 0.689047 0.0344706 0.101719
0 0.882871 0.688297 0.0323765 0.101344
0 0.593329 0.653852 0.0502353 0.0561406
0 0.639306 0.63418 0.0263765 0.0304531
0 0.023 0.726133 0.0445412 0.147516
0 0.0296353 0.661414 0.0232235 0.0171406
