0 0.575562 0.674031 0.200563 0.651938
0 0.256516 0.509333 0.0781563 0.143125
0 0.870375 0.494125 0.032375 0.133875
0 0.927828 0.491417 0.0325 0.136792
0 0.0389375 0.715771 0.077875 0.0760833
0 0.960492 0.487521 0.0348281 0.137167
0 0.989977 0.531198 0.0199844 0.203396
0 0.888453 0.493844 0.0213438 0.131271
0 0.843539 0.458698 0.0240156 0.0820208
0 0.471328 0.429302 0.013625 0.0151042
0 0.373641 0.597969 0.0589063 0.0862708
2 0.412078 0.707865 0.820781 0.404479
2 0.757102 0.536365 0.224828 0.209396
4 0.173859 0.429458 0.0545937 0.0804583
4 0.333789 0.431542 0.100578 0.122417
2 0.0449141 0.465729 0.0428594 0.0435833
2 0.222258 0.452375 0.0658281 0.0547917
2 0.243078 0.459323 0.0418437 0.0528542
2 0.138422 0.459271 0.0475 0.0404583
2 0.28025 0.432312 0.0146563 0.00708333
2 0.10382 0.459906 0.0337969 0.0367292
2 0.422922 0.476458 0.0415937 0.0570417
2 0.0661484 0.464542 0.0148906 0.0404167
6 0.326734 0.433167 0.0928125 0.12625
6 0.480719 0.470042 0.122844 0.080125
0 0.978258 0.548604 0.0434844 0.0478333
