0 0.662633 0.498089 0.0600156 0.126497
0 0.705016 0.494904 0.06775 0.137877
0 0.723492 0.251507 0.0518906 0.0906582
0 0.87518 0.274692 0.0289219 0.0657325
0 0.843828 0.25724 0.0517813 0.0968153
0 0.4275 0.180531 0.0432188 0.0676008
0 0.403133 0.154554 0.0320469 0.0626539
0 0.340438 0.126072 0.043 0.0606794
0 0.806836 0.26207 0.0375781 0.0801486
0 0.691859 0.13466 0.0399375 0.0596815
0 0.713461 0.118885 0.0307656 0.0713163
0 0.609617 0.492017 0.0901719 0.181868
0 0.730359 0.136794 0.0440938 0.0583015
