0 0.809563 0.797711 0.273875 0.404578
0 0.669104 0.81818 0.115667 0.363641
0 0.407948 0.804375 0.244396 0.39125
0 0.970083 0.665594 0.0598333 0.12175
0 0.0822083 0.762438 0.126417 0.314
0 0.034 0.759719 0.068 0.279531
0 0.305708 0.641336 0.038875 0.0760469
0 0.502031 0.732437 0.0638958 0.204312
0 0.168531 0.767555 0.110354 0.357953
0 0.581354 0.736906 0.085875 0.213594
0 0.977292 0.829414 0.0454167 0.303672
0 0.326042 0.713898 0.0906667 0.112953
0 0.905865 0.707078 0.0927292 0.0942187
