0 0.0242109 0.517365 0.0239531 0.0808958
0 0.0641328 0.542677 0.0202969 0.0712708
0 0.101555 0.535979 0.0331406 0.140125
0 0.315672 0.668573 0.0802188 0.307771
0 0.462211 0.638604 0.0928594 0.259958
0 0.767727 0.580271 0.0700469 0.206083
0 0.390844 0.554833 0.0278125 0.11225
0 0.186219 0.539031 0.0412813 0.138063
0 0.922539 0.572542 0.0506719 0.152042
0 0.733609 0.51999 0.00975 0.0199792
0 0.0782656 0.50974 0.0175937 0.0783958
0 0.13482 0.535562 0.0420156 0.157292
0 0.162422 0.537094 0.0278438 0.114104
