2 0.287508 0.737573 0.0751094 0.0667708
2 0.333813 0.729667 0.0696875 0.071625
2 0.385664 0.724146 0.0852344 0.0625833
2 0.436133 0.726635 0.0733281 0.0541875
0 0.948328 0.784552 0.0178125 0.0446875
0 0.0883672 0.653312 0.00804688 0.0367083
6 6.0 6.0 6.0 6.0
6 6.0 6.0 6.0 6.0
6 6.0 6.0 6.0 6.0
6 6.0 6.0 6.0 6.0
6 6.0 6.0 6.0 6.0
6 6.0 6.0 6.0 6.0
0 0.0109609 0.865365 0.0217344 0.0331458
2 0.188984 0.825104 0.114781 0.0890833
2 0.0256484 0.89976 0.0477656 0.103771
2 0.876469 0.920073 0.109969 0.104729
6 6.0 6.0 6.0 6.0
6 6.0 6.0 6.0 6.0
0 0.0757656 0.66724 0.0070625 0.0113542
0 0.751484 0.586844 0.00765625 0.0177708
6 6.0 6.0 6.0 6.0
6 6.0 6.0 6.0 6.0
6 6.0 6.0 6.0 6.0
6 6.0 6.0 6.0 6.0
