3 0.436469 0.601663 0.845719 0.77096
0 0.204656 0.173349 0.127188 0.125855
0 0.295469 0.210281 0.0685313 0.318876
0 0.931797 0.522471 0.136406 0.734824
0 0.374211 0.271136 0.0899219 0.255902
0 0.422305 0.189906 0.0488906 0.201218
0 0.766891 0.289895 0.0974688 0.350562
0 0.84525 0.407658 0.160781 0.520281
0 0.670805 0.284016 0.107141 0.398337
0 0.363687 0.48623 0.434156 0.764496
0 0.0867266 0.346663 0.132016 0.578009
0 0.600992 0.311557 0.114484 0.338899
0 0.943977 0.173056 0.112047 0.24644
0 0.134289 0.184977 0.0438594 0.148501
