0 0.297687 0.683152 0.393562 0.525846
0 0.255945 0.589102 0.479328 0.759541
0 0.704852 0.626399 0.590297 0.747203
0 0.0658594 0.222839 0.0343437 0.166263
0 0.0337031 0.206973 0.0617188 0.199624
0 0.742125 0.0223173 0.0224062 0.0378706
0 0.729969 0.0763361 0.0320312 0.0985595
0 0.107133 0.14239 0.0605469 0.221858
0 0.807172 0.111441 0.0815312 0.220501
0 0.0494531 0.0879854 0.0989063 0.110835
0 0.755773 0.0574739 0.0233906 0.0430063
0 0.903008 0.0404906 0.0480156 0.0425261
0 0.702039 0.0796347 0.0432344 0.0885386
