1 0.0924324 0.8094 0.0940541 0.0648
1 0.541937 0.93867 0.2303 0.12222
2 0.041952 0.72135 0.0839039 0.07162
0 0.399024 0.80707 0.136847 0.22158
0 0.501652 0.76419 0.0473874 0.18654
0 0.858393 0.7986 0.0666967 0.23596
0 0.69985 0.8392 0.12042 0.3216
0 0.727838 0.72279 0.0494895 0.08134
0 0.264324 0.75919 0.139459 0.20546
0 0.879685 0.7805 0.0678979 0.2102
4 4.0 4.0 4.0 4.0
0 0.0436787 0.77101 0.0873574 0.16418
0 0.95036 0.76272 0.0951952 0.18888
0 0.986547 0.71972 0.0269069 0.09096
0 0.621201 0.78043 0.0690691 0.21018
0 0.5697 0.73723 0.0251652 0.08694
