0 0.698244 0.746258 0.21363 0.432266
0 0.842693 0.653891 0.146651 0.472938
0 0.574192 0.607469 0.0184543 0.0524063
0 0.542518 0.594672 0.0187119 0.0354688
0 0.560363 0.59607 0.0133255 0.0333594
0 0.41356 0.62693 0.0433255 0.0422656
0 0.666007 0.594773 0.0197892 0.0384844
0 0.203759 0.613617 0.029719 0.0509844
0 0.12137 0.617836 0.0159485 0.0422031
0 0.585574 0.593023 0.0152693 0.0311719
0 0.645375 0.590594 0.0137002 0.028625
0 0.450375 0.617828 0.0141452 0.0331875
0 0.346124 0.61825 0.0183841 0.023625
