0 0.801562 0.646984 0.1655 0.278803
0 0.82618 0.797535 0.322703 0.40493
0 0.394359 0.635469 0.110187 0.206432
0 0.354461 0.543239 0.0372656 0.0925352
0 0.204328 0.520528 0.0605625 0.111009
0 0.11575 0.560552 0.073875 0.116174
0 0.625656 0.450446 0.0245625 0.0377934
0 0.562641 0.428486 0.01875 0.101995
0 0.50268 0.425329 0.0281094 0.0553052
0 0.290148 0.685469 0.0962344 0.170094
0 0.353922 0.401843 0.0170937 0.0240141
0 0.125094 0.730986 0.182344 0.237418
0 0.514555 0.5775 0.0750469 0.170352
