0 0.934195 0.465308 0.121891 0.364528
0 0.853367 0.760636 0.258391 0.196724
0 0.412852 0.472408 0.218578 0.654682
0 0.301398 0.433902 0.0318906 0.0342389
0 0.653055 0.462803 0.0311719 0.0614836
0 0.272242 0.427909 0.0565156 0.156821
0 0.165594 0.447688 0.04225 0.0775723
0 0.591273 0.422466 0.0444219 0.156493
0 0.0551719 0.425925 0.0574375 0.171272
0 0.0246875 0.423911 0.044875 0.163931
0 0.802852 0.478391 0.100234 0.289114
0 0.15118 0.408998 0.0408906 0.108208
0 0.54582 0.460501 0.0352031 0.0628131
