1 0.372922 0.606063 0.167437 0.226192
1 0.300734 0.720643 0.245969 0.128808
2 0.409148 0.387208 0.0700469 0.0336215
2 0.462367 0.386963 0.0157969 0.0278037
2 0.0736484 0.387512 0.0775469 0.0339486
4 4.0 4.0 4.0 4.0
4 4.0 4.0 4.0 4.0
0 0.662453 0.606659 0.148719 0.156822
0 0.836547 0.374813 0.00878125 0.0428972
0 0.859141 0.374346 0.00878125 0.0360748
6 6.0 6.0 6.0 6.0
2 0.434563 0.382488 0.0465313 0.0360514
6 6.0 6.0 6.0 6.0
6 6.0 6.0 6.0 6.0
0 0.81532 0.376752 0.0132969 0.0392523
0 0.851031 0.374825 0.006375 0.0353037
0 0.559852 0.371986 0.0201406 0.027757
0 0.669414 0.386379 0.0207969 0.0591121
0 0.873523 0.371121 0.0102344 0.043785
1 0.194602 0.673026 0.161391 0.161893
2 0.774289 0.379696 0.0119219 0.0321028
2 0.532664 0.369521 0.0322031 0.0225467
6 6.0 6.0 6.0 6.0
1 0.529508 0.687593 0.0341094 0.0759346
2 0.486961 0.380129 0.0651094 0.0393224
