0 0.575781 0.591965 0.253125 0.549917
0 0.848414 0.632058 0.198484 0.378545
0 0.421312 0.265385 0.0788125 0.167235
0 0.469906 0.22948 0.0740313 0.137796
0 0.301141 0.276091 0.0885937 0.153638
0 0.251094 0.288576 0.107937 0.134823
0 0.156992 0.298025 0.0914844 0.1158
0 0.371555 0.285395 0.101328 0.125842
0 0.472078 0.0967879 0.0825625 0.135946
0 0.538883 0.295593 0.0925156 0.124782
0 0.420047 0.168274 0.0536875 0.123493
0 0.550359 0.0883264 0.072875 0.138732
0 0.635039 0.147661 0.125422 0.273493
