2 0.536141 0.322623 0.0353438 0.0188759
2 0.398281 0.325129 0.0228125 0.0137237
0 0.430609 0.63308 0.01225 0.0523888
6 6.0 6.0 6.0 6.0
0 0.376805 0.625562 0.0317969 0.0808197
2 0.492391 0.331194 0.0607188 0.024637
2 0.510359 0.310937 0.0419062 0.0232319
2 0.577258 0.309567 0.0354844 0.032623
2 0.545031 0.307283 0.0379063 0.0315222
2 0.968547 0.264005 0.0629062 0.0245902
2 0.156828 0.372693 0.0262188 0.018829
2 0.123031 0.37822 0.0205938 0.0219204
2 0.0905625 0.3826 0.018125 0.0215925
2 0.0222422 0.393103 0.0442344 0.0150585
2 0.33118 0.353911 0.0368281 0.0105855
2 0.305094 0.342037 0.0262188 0.0194848
