2 0.21675 0.581885 0.0363125 0.0304375
2 0.953453 0.712333 0.0927188 0.144125
2 0.677141 0.578344 0.0683125 0.0433958
2 0.177531 0.567552 0.023625 0.0284375
2 0.858945 0.557281 0.0400156 0.0234375
2 0.531383 0.563802 0.0421719 0.0140625
2 0.626883 0.564354 0.0330156 0.017625
6 0.747922 0.561896 0.0968437 0.0467083
6 0.391633 0.584365 0.126328 0.0823125
6 0.675937 0.577781 0.070375 0.0415625
2 0.164438 0.560146 0.018875 0.0249583
2 0.973656 0.554438 0.0189687 0.012625
2 0.302445 0.56449 0.0213906 0.0111458
2 0.01875 0.625135 0.02875 0.0423542
2 0.134453 0.569187 0.023625 0.02975
0 0.698023 0.554865 0.00520313 0.0240208
