0 0.657172 0.639271 0.122031 0.399417
0 0.801516 0.416667 0.126688 0.310792
0 0.551828 0.314802 0.0624375 0.308479
0 0.244055 0.606802 0.130953 0.482979
0 0.246844 0.366448 0.097125 0.207104
0 0.372375 0.371479 0.127781 0.192375
0 0.497555 0.39424 0.0843906 0.206687
0 0.147125 0.562948 0.151656 0.517687
0 0.387484 0.211854 0.0701875 0.232583
0 0.340992 0.219115 0.0506719 0.148854
0 0.522703 0.274844 0.0206875 0.0945625
0 0.432547 0.28226 0.0494375 0.0896042
0 0.124094 0.343969 0.0614062 0.114937
