2 0.745805 0.510406 0.155078 0.101646
2 0.517008 0.501385 0.0726094 0.0600208
2 0.564008 0.494625 0.0532656 0.0508333
2 0.411203 0.486417 0.0270312 0.034125
2 0.384398 0.48724 0.0397656 0.0426458
0 0.146875 0.471875 0.00915625 0.0216667
6 0.62907 0.495729 0.0674219 0.044625
0 0.155352 0.485823 0.00907812 0.0311875
2 0.593422 0.494063 0.0353125 0.0433333
2 0.895094 0.489781 0.0325625 0.0350208
2 0.449891 0.485031 0.041875 0.0427708
2 0.298375 0.500062 0.135313 0.0508333
2 0.251859 0.499458 0.0570937 0.04825
2 0.195055 0.488687 0.0262031 0.031
