2 0.460391 0.510052 0.191406 0.0911458
2 0.658469 0.509875 0.201344 0.0819583
2 0.891547 0.510104 0.216906 0.101833
2 0.373602 0.501604 0.114391 0.0834583
2 0.181867 0.510198 0.140484 0.0793542
2 0.255266 0.509344 0.0655312 0.0658125
2 0.0604844 0.516135 0.120969 0.123938
0 0.117578 0.477729 0.0243125 0.0384583
2 0.561922 0.485198 0.0243125 0.0301042
2 0.597789 0.478615 0.0247969 0.0280625
2 0.305391 0.49924 0.0478438 0.0638125
6 6.0 6.0 6.0 6.0
0 0.151758 0.489937 0.00945312 0.0189167
0 0.611875 0.476604 0.00765625 0.0237917
0 0.894094 0.477615 0.0188125 0.0246042
