0 0.431461 0.764042 0.293266 0.471917
0 0.635875 0.4605 0.100406 0.123042
0 0.830875 0.315375 0.0827813 0.175417
0 0.685117 0.779771 0.237641 0.435958
0 0.887641 0.744948 0.224719 0.510104
0 0.729109 0.286833 0.083375 0.1015
0 0.135391 0.791615 0.269469 0.414563
0 0.52332 0.633708 0.139891 0.341583
0 0.543539 0.501125 0.133141 0.256167
0 0.94157 0.368531 0.116859 0.350562
0 0.828633 0.353854 0.0445156 0.090125
0 0.208797 0.509375 0.0864375 0.124917
0 0.780102 0.232365 0.0361719 0.0590625
