0 0.760199 0.903328 0.0307963 0.069875
0 0.743548 0.896109 0.0177752 0.0423125
0 0.686862 0.8955 0.0166276 0.0356875
0 0.577155 0.892234 0.0298126 0.04775
0 0.630222 0.896703 0.0201639 0.0403437
0 0.87719 0.890406 0.0135363 0.02475
0 0.833197 0.896188 0.0164637 0.036625
0 0.990293 0.902805 0.0193677 0.0362344
0 0.70945 0.897109 0.0167447 0.0404375
0 0.780129 0.896164 0.0231148 0.0409844
0 0.675398 0.892531 0.0159485 0.0404062
0 0.856885 0.896398 0.017096 0.0452031
0 0.717611 0.899805 0.00660422 0.0270469
