0 0.475594 0.565316 0.127719 0.560796
0 0.104688 0.198583 0.0660625 0.135012
0 0.179797 0.210667 0.0737187 0.10096
0 0.293203 0.182728 0.0837813 0.145738
0 0.389859 0.171019 0.0796875 0.138478
0 0.452133 0.160316 0.0593281 0.15356
0 0.838383 0.14911 0.0855781 0.109274
0 0.77118 0.138033 0.0602344 0.134988
0 0.619141 0.153115 0.0535 0.141874
0 0.715914 0.142705 0.0524844 0.137073
0 0.172797 0.10356 0.075 0.190913
0 0.665727 0.153021 0.0627031 0.133864
0 0.346445 0.129684 0.0666719 0.19267
