0 0.737297 0.632625 0.269188 0.372458
0 0.318617 0.555719 0.0982969 0.295396
0 0.351922 0.542365 0.0480938 0.266604
0 0.602359 0.36001 0.0462187 0.0586875
0 0.424023 0.436042 0.0521406 0.0690833
0 0.459664 0.44226 0.0420781 0.0875208
0 0.455727 0.467354 0.0405469 0.044125
0 0.507711 0.455708 0.0541719 0.071375
0 0.508109 0.317615 0.03225 0.0516042
0 0.560742 0.311646 0.0374531 0.0530417
0 0.590719 0.154281 0.0400625 0.0588958
0 0.599883 0.403062 0.0397656 0.07175
0 0.387625 0.450552 0.0260625 0.0522708
