0 0.458484 0.741685 0.195437 0.516629
0 0.252344 0.613483 0.198437 0.750562
0 0.458922 0.237079 0.0224375 0.13618
0 0.605844 0.258899 0.0547813 0.134966
0 0.215055 0.239742 0.0188906 0.0824494
0 0.491727 0.251326 0.0376094 0.134427
0 0.163859 0.249483 0.0257812 0.1
0 0.568883 0.243472 0.0157031 0.0416404
0 0.941828 0.289022 0.071375 0.216517
0 0.18143 0.240944 0.0221406 0.0884045
0 0.588461 0.252449 0.0113594 0.079191
0 0.279008 0.242539 0.0200469 0.0782472
0 0.183594 0.166663 0.0115 0.0262247
