2 0.46557 0.594425 0.126016 0.0815517
0 0.193164 0.597098 0.0455781 0.162931
0 0.255953 0.55069 0.0504062 0.128851
0 0.737937 0.556121 0.0643125 0.193391
0 0.915047 0.631767 0.0262188 0.0961207
0 0.516867 0.693779 0.0252656 0.105201
0 0.490547 0.687557 0.0178437 0.102759
0 0.325547 0.706897 0.0150937 0.0643103
0 0.0678984 0.703348 0.0201406 0.130718
2 0.529125 0.560244 0.0416562 0.0349138
2 0.650789 0.570532 0.0358281 0.0487644
2 0.897805 0.527557 0.0627031 0.0529885
0 0.744523 0.47977 0.0646406 0.122644
0 0.891391 0.643994 0.0223125 0.131149
0 0.567711 0.688333 0.0221094 0.0971264
2 0.550625 0.545057 0.0133125 0.0131034
6 6.0 6.0 6.0 6.0
6 6.0 6.0 6.0 6.0
0 0.34857 0.700244 0.0293281 0.0820402
2 0.640469 0.559382 0.0321562 0.0498563
6 6.0 6.0 6.0 6.0
0 0.532352 0.682213 0.0192031 0.0710345
