0 0.431 0.774009 0.0176875 0.040283
0 0.672102 0.855483 0.0375781 0.164316
0 0.478063 0.724564 0.0215938 0.0561085
0 0.440734 0.825802 0.0175937 0.0438208
0 0.457852 0.826592 0.0213906 0.0495047
0 0.824094 0.669965 0.054125 0.111769
0 0.498102 0.717394 0.0196719 0.0455425
0 0.797789 0.651427 0.0287969 0.133514
0 0.553695 0.776156 0.0219531 0.0617925
0 0.606766 0.824363 0.04175 0.143113
0 0.521227 0.749493 0.0146406 0.0430896
0 0.517344 0.73546 0.0099375 0.0411085
0 0.621508 0.828715 0.0258594 0.142241
