0 0.802172 0.803892 0.0987813 0.167594
0 0.502422 0.60704 0.03175 0.110637
0 0.350578 0.676981 0.0534375 0.192311
0 0.613125 0.675271 0.0379688 0.094033
0 0.636656 0.679292 0.0311563 0.097217
0 0.868672 0.694988 0.0439063 0.165637
0 0.891695 0.678479 0.0324531 0.175165
0 0.572469 0.601368 0.0251875 0.104198
0 0.635891 0.572453 0.0208438 0.101038
0 0.583844 0.530908 0.0188125 0.065684
0 0.543719 0.54013 0.0126562 0.0468632
0 0.966086 0.501698 0.0113281 0.032217
0 0.618563 0.517028 0.008375 0.0186321
