0 0.476773 0.631464 0.104953 0.440445
0 0.347086 0.51685 0.181422 0.341569
0 0.736156 0.41123 0.0779688 0.359555
0 0.19982 0.112026 0.0704844 0.117307
0 0.754406 0.0741803 0.0641562 0.105831
0 0.69275 0.0700468 0.072875 0.119251
0 0.871945 0.0640632 0.0620156 0.128126
0 0.810695 0.0630562 0.0646094 0.119368
0 0.389508 0.0985363 0.0666094 0.116604
0 0.266727 0.110351 0.0646094 0.108103
0 0.33207 0.0980445 0.0645781 0.1226
0 0.928375 0.0644965 0.0723125 0.116815
0 0.975773 0.0633372 0.0484531 0.125691
