0 0.927719 0.58201 0.0746563 0.307563
0 0.598805 0.753448 0.144797 0.437729
0 0.362602 0.861802 0.149391 0.276396
0 0.198031 0.687635 0.176969 0.341562
0 0.851641 0.0716563 0.0191875 0.0576875
0 0.0616563 0.665542 0.123313 0.398667
0 0.766859 0.548312 0.09775 0.337083
0 0.675844 0.533708 0.1045 0.330333
0 0.599633 0.508135 0.124891 0.209729
0 0.43957 0.651813 0.177609 0.346542
0 0.471281 0.633271 0.0824063 0.339292
0 0.813188 0.553771 0.054375 0.299667
0 0.870258 0.527573 0.0691094 0.278562
