0 0.518547 0.737714 0.111719 0.354012
0 0.724266 0.815487 0.134187 0.210324
0 0.702922 0.57028 0.0419062 0.0736578
0 0.167906 0.71649 0.0644375 0.20295
0 0.419273 0.283186 0.0376406 0.16531
0 0.463352 0.274794 0.0399844 0.114602
0 0.480102 0.200383 0.0480469 0.144779
0 0.305312 0.51236 0.02975 0.0629499
0 0.112859 0.435516 0.0361875 0.0770501
0 0.386688 0.403614 0.0428437 0.0746018
0 0.558867 0.42972 0.0291719 0.0392625
0 0.716148 0.36708 0.0333281 0.104602
0 0.481531 0.668835 0.0440313 0.241563
