2 0.51209 0.404938 0.07986 0.057175
2 0.44483 0.416637 0.0625 0.054875
2 0.6322 0.40235 0.03804 0.0341
2 0.55553 0.3985 0.04662 0.0525
0 0.3236 0.5743 0.24808 0.5191
0 0.16112 0.482413 0.1408 0.353325
0 0.92282 0.418387 0.03812 0.117225
0 0.85656 0.399825 0.03452 0.0856
0 0.70072 0.556138 0.1426 0.357775
0 0.78419 0.417425 0.05378 0.1118
0 0.88866 0.414975 0.03636 0.1223
2 0.64412 0.388725 0.03044 0.02445
2 0.58975 0.392563 0.03802 0.043275
4 0.69432 0.379063 0.05216 0.072375
0 0.75763 0.389612 0.00598 0.036675
