0 0.176969 0.670792 0.350562 0.631458
0 0.640125 0.522406 0.03875 0.0819375
0 0.602781 0.532573 0.0208125 0.0348542
0 0.488438 0.545792 0.0199375 0.0469167
0 0.452148 0.535281 0.0357656 0.0630208
0 0.666328 0.519813 0.0185312 0.0417083
0 0.567992 0.536167 0.0217031 0.0353333
0 0.617508 0.52525 0.0150781 0.01825
0 0.85132 0.532958 0.0285469 0.0796667
0 0.884203 0.531885 0.037625 0.0878125
0 0.458578 0.556562 0.0249062 0.025875
0 0.909945 0.503979 0.0175781 0.030125
0 0.456891 0.571375 0.063875 0.0788333
