0 0.496234 0.641925 0.308937 0.71615
0 0.560172 0.376397 0.109187 0.29439
0 0.184398 0.505622 0.239859 0.619366
0 0.444055 0.271561 0.104641 0.257629
0 0.370523 0.35493 0.0833281 0.383427
0 0.317312 0.404331 0.0665937 0.455563
0 0.277945 0.544354 0.215016 0.800587
0 0.0680547 0.761796 0.136109 0.440446
0 0.546859 0.263897 0.0991875 0.298028
0 0.180648 0.877254 0.307328 0.225211
0 0.886109 0.760739 0.227781 0.478521
0 0.461273 0.258251 0.0946719 0.234765
0 0.0834531 0.645986 0.164531 0.503756
