0 0.481621 0.366945 0.818808 0.730672
0 0.060795 0.143984 0.105356 0.0853125
0 0.151485 0.240281 0.12477 0.14875
0 0.799331 0.202469 0.247113 0.140688
0 0.962061 0.196609 0.0758787 0.09675
0 0.0857531 0.124844 0.0760251 0.0922813
0 0.766653 0.157234 0.0615481 0.0489062
0 0.343661 0.174633 0.0364017 0.0767344
0 0.214958 0.180648 0.0651883 0.103922
0 0.866684 0.208648 0.0835356 0.0631094
0 0.0810042 0.231547 0.162008 0.189469
0 0.00770921 0.100344 0.0154184 0.0394375
0 0.0401778 0.303281 0.0798954 0.154406
