0 0.0883203 0.311752 0.0469531 0.243925
0 0.2235 0.350607 0.0467187 0.106168
0 0.291578 0.376869 0.0423437 0.121776
0 0.4455 0.316659 0.0271875 0.0548598
0 0.771836 0.351075 0.0175469 0.0478037
0 0.787453 0.540806 0.178062 0.267874
0 0.682023 0.208458 0.0253281 0.10028
0 0.808227 0.209603 0.0352969 0.122196
0 0.507734 0.231367 0.0385 0.176565
0 0.547937 0.437722 0.187375 0.203481
0 0.900797 0.51868 0.0951875 0.252033
0 0.955031 0.440444 0.0826563 0.453925
0 0.791594 0.321974 0.0625313 0.16993
