1 0.96181 0.937838 0.07178 0.0854655
1 0.69225 0.901096 0.02362 0.0448949
0 0.67871 0.885691 0.02238 0.082012
0 0.33364 0.877162 0.01868 0.0575676
0 0.27106 0.904009 0.0212 0.0809309
0 0.227 0.858108 0.0082 0.035015
0 0.6628 0.884565 0.01344 0.0806607
0 0.25446 0.890766 0.01772 0.0791291
0 0.28944 0.899204 0.02092 0.0942643
0 0.90934 0.900631 0.0364 0.116937
0 0.9442 0.881171 0.02152 0.0643243
2 0.92967 0.892913 0.01274 0.0552553
1 0.6269 0.895495 0.04468 0.0538739
1 0.23997 0.915826 0.02162 0.0451652
2 0.84987 0.886832 0.13438 0.120871
2 0.97422 0.888904 0.05132 0.0560661
0 0.30805 0.887628 0.0141 0.0455856
0 0.20149 0.894039 0.0141 0.0918619
6 6.0 6.0 6.0 6.0
1 0.76995 0.897553 0.03134 0.0478979
0 0.92813 0.859249 0.0119 0.0204204
