0 0.658977 0.0586651 0.0762656 0.107119
0 0.746023 0.141569 0.0895469 0.196206
0 0.243125 0.182307 0.0964688 0.141897
0 0.0677813 0.206803 0.0887813 0.159321
0 0.738164 0.176557 0.0663906 0.130913
0 0.669172 0.18726 0.064125 0.144169
0 0.254148 0.229766 0.0424219 0.0687588
0 0.209719 0.329087 0.107844 0.208384
0 0.167836 0.206382 0.0560781 0.128126
0 0.582961 0.181674 0.0635469 0.120913
0 0.432977 0.622307 0.181672 0.54555
0 0.522703 0.0652927 0.067625 0.109742
0 0.935523 0.168841 0.0622969 0.132155
