0 0.435547 0.591007 0.400312 0.795504
0 0.104195 0.308993 0.0944531 0.123607
0 0.707664 0.508302 0.557734 0.955059
0 0.822906 0.406206 0.09575 0.149883
0 0.778547 0.1613 0.1225 0.238525
0 0.217391 0.291019 0.0659687 0.141569
0 0.192812 0.152471 0.117219 0.219602
0 0.183477 0.255293 0.0774844 0.195176
0 0.881055 0.328255 0.126391 0.333841
0 0.0378203 0.278091 0.0756406 0.16274
0 0.0738672 0.156194 0.0867656 0.181944
0 0.290648 0.166979 0.0831719 0.176862
0 0.727281 0.0711944 0.0895312 0.142389
