5 0.264625 0.543817 0.442281 0.602248
0 0.548961 0.690012 0.0776719 0.329906
0 0.616289 0.691967 0.0700781 0.331522
0 0.791039 0.663208 0.0888594 0.51185
0 0.729203 0.60548 0.0388125 0.27555
0 0.654586 0.59377 0.0584531 0.299766
0 0.568539 0.527166 0.0624219 0.153068
0 0.502164 0.587354 0.0610781 0.244824
0 0.930367 0.61096 0.0608281 0.304871
0 0.529016 0.467904 0.0428437 0.078993
0 0.543586 0.502998 0.0197031 0.0520843
0 0.899742 0.641288 0.0652031 0.312787
0 0.619875 0.500211 0.0341875 0.0628571
0 0.84232 0.598735 0.0609844 0.314895
