0 0.42665 0.491977 0.0573203 0.107092
0 0.430923 0.729044 0.077402 0.208807
0 0.82701 0.533448 0.0555229 0.180458
0 0.491095 0.700041 0.0963072 0.185605
0 0.617868 0.669755 0.0859967 0.204608
0 0.781119 0.496904 0.0576307 0.12969
0 0.465964 0.428709 0.0543791 0.105817
0 0.295539 0.479975 0.0430065 0.0634477
0 0.360229 0.619109 0.0561438 0.0987418
0 0.247222 0.388889 0.0302288 0.0726471
0 0.237835 0.484886 0.043219 0.0747059
0 0.66817 0.857631 0.118922 0.272059
0 0.269485 0.380074 0.0259967 0.079134
