4 4.0 4.0 4.0 4.0
4 4.0 4.0 4.0 4.0
0 0.144687 0.565781 0.03975 0.0987708
0 0.118875 0.567719 0.0289063 0.0881042
0 0.816805 0.495521 0.0211719 0.04575
0 0.959266 0.542177 0.0164063 0.0423958
0 0.102625 0.560344 0.0119063 0.0879792
0 0.683461 0.492198 0.0256719 0.0513542
0 0.328406 0.493563 0.0267812 0.0543333
0 0.243922 0.588938 0.0105313 0.0309167
0 0.0539609 0.606583 0.0123906 0.01375
0 0.759711 0.484667 0.0334531 0.062875
0 0.853148 0.489771 0.0340469 0.0539167
3 0.932352 0.57699 0.0793906 0.0799375
0 0.37625 0.481583 0.025875 0.0348333
0 0.0401406 0.607396 0.0172813 0.0139583
