0 0.270961 0.497852 0.184984 0.677047
0 0.737078 0.4985 0.170781 0.683156
0 0.872734 0.338281 0.0856875 0.168625
0 0.123594 0.348312 0.103375 0.20675
0 0.434023 0.529664 0.139203 0.388859
0 0.166563 0.336961 0.062625 0.165328
0 0.486602 0.295281 0.0363906 0.0849063
0 0.624719 0.421352 0.0809062 0.415734
0 0.926922 0.449164 0.144562 0.233859
0 0.357484 0.52632 0.0790937 0.355266
0 0.446609 0.387578 0.0966562 0.292469
0 0.831234 0.348586 0.061125 0.190641
0 0.0328281 0.453891 0.0656562 0.369094
