0 0.0914297 0.797412 0.181422 0.403958
0 0.857922 0.775597 0.227 0.442295
0 0.812602 0.571112 0.0669844 0.130422
0 0.691023 0.579508 0.0856719 0.123888
0 0.603734 0.682295 0.116688 0.248899
0 0.61218 0.555281 0.0388281 0.0806323
0 0.321008 0.543478 0.0365469 0.107611
0 0.38525 0.620445 0.0971562 0.232787
0 0.770109 0.535585 0.056 0.088829
0 0.218688 0.622283 0.107906 0.180773
0 0.274898 0.587916 0.0749844 0.176019
0 0.114758 0.513489 0.0567031 0.0839813
0 0.53607 0.859719 0.246672 0.280562
0 0.103883 0.606803 0.0688906 0.112295
