0 0.399164 0.641752 0.0391094 0.168318
0 0.338742 0.716519 0.0764531 0.343972
0 0.521742 0.571916 0.0110781 0.0511215
0 0.515172 0.574942 0.0110312 0.0516121
0 0.545914 0.5666 0.0149219 0.0467523
0 0.777758 0.703002 0.0960469 0.171005
0 0.755953 0.697512 0.114844 0.184509
0 0.472617 0.569603 0.0248906 0.0439252
0 0.640344 0.570526 0.0214688 0.021472
0 0.534523 0.564801 0.00610938 0.041285
0 0.458383 0.578984 0.00673437 0.0316589
0 0.890961 0.532897 0.0201406 0.0324766
0 0.478445 0.568072 0.0142969 0.0320794
