0 0.210078 0.702728 0.420156 0.594543
0 0.515008 0.810117 0.169422 0.379766
0 0.824133 0.740703 0.0737344 0.219485
0 0.434797 0.789204 0.245875 0.393255
0 0.629805 0.706112 0.0568281 0.118642
0 0.960141 0.763115 0.0473125 0.188618
0 0.787539 0.830234 0.131172 0.339532
0 0.290563 0.733033 0.0701875 0.120023
0 0.586898 0.746417 0.0800781 0.121311
0 0.745422 0.636276 0.0612812 0.0743794
0 0.690078 0.798372 0.163219 0.403255
0 0.0595078 0.735035 0.119016 0.407869
0 0.880367 0.790468 0.0422656 0.244684
