2 0.314424 0.921719 0.0711914 0.041
2 0.634424 0.941437 0.102207 0.0513438
2 0.321982 0.885 0.0507227 0.0179063
2 0.388555 0.878633 0.0393359 0.0283906
2 0.518174 0.883969 0.0363477 0.0248125
2 0.648457 0.991852 0.0859766 0.0141719
2 0.510049 0.869914 0.0445508 0.0302656
2 0.537773 0.901898 0.0460938 0.0397031
2 0.331172 0.860578 0.0320703 0.0165
2 0.392227 0.858992 0.0372266 0.0265781
2 0.64124 0.97657 0.118848 0.0462656
2 0.332949 0.905375 0.0802344 0.0373437
2 0.337012 0.876617 0.0303516 0.0167031
