5 5.0 5.0 5.0 5.0
0 0.0963906 0.613707 0.0212812 0.0642084
0 0.160016 0.592986 0.025875 0.100561
0 0.211234 0.599609 0.0302187 0.108557
0 0.197062 0.603317 0.0195938 0.0736473
0 0.354727 0.622455 0.0177344 0.0893186
0 0.307922 0.613727 0.0257188 0.0903006
0 0.14768 0.624359 0.0268906 0.0872745
0 0.851062 0.675361 0.0356875 0.0814629
0 0.775328 0.644188 0.0196875 0.0771543
0 0.227984 0.687204 0.0184687 0.074489
0 0.12525 0.667836 0.026 0.112866
0 0.0749688 0.693407 0.0236563 0.0763928
0 0.0756563 0.631623 0.024625 0.0719439
