0 0.259211 0.660979 0.136328 0.272125
0 0.383367 0.68324 0.170891 0.186854
0 0.545227 0.625844 0.170234 0.294396
0 0.353766 0.154573 0.0355313 0.0663958
0 0.422273 0.442177 0.0721094 0.0909792
0 0.595805 0.185281 0.0311719 0.0558125
0 0.766148 0.143792 0.0672969 0.112542
0 0.876023 0.188094 0.0493906 0.164604
0 0.428086 0.0584271 0.0572969 0.0853958
0 0.764781 0.516365 0.058375 0.0750208
0 0.658094 0.192021 0.0508125 0.0867917
0 0.727969 0.186948 0.07375 0.0808958
0 0.473687 0.0694375 0.051625 0.0927917
