1 0.85074 0.760828 0.05252 0.040994
2 0.22311 0.770663 0.09482 0.0468072
0 0.68597 0.738434 0.1327 0.35494
0 0.61389 0.754337 0.05006 0.174759
2 0.80966 0.74 0.0656 0.0423494
0 0.13652 0.765361 0.01936 0.088494
0 0.85056 0.73387 0.0278 0.0688253
0 0.86538 0.726009 0.01556 0.0441867
0 0.9488 0.732304 0.02216 0.0632229
0 0.99046 0.730151 0.01752 0.0707831
0 0.38043 0.754458 0.00918 0.0283735
0 0.01343 0.845286 0.02686 0.0802108
1 0.95043 0.748193 0.04898 0.0491566
1 0.78782 0.905166 0.19564 0.149187
2 0.48777 0.756506 0.04406 0.0221084
2 0.15062 0.771988 0.06896 0.0416867
2 0.39024 0.762937 0.01208 0.0205723
