0 0.977083 0.808611 0.0458333 0.163056
0 0.932333 0.809319 0.0538333 0.173361
0 0.885135 0.753069 0.0623542 0.264472
0 0.960167 0.673194 0.0796667 0.096
0 0.800479 0.599528 0.0482917 0.150667
0 0.943208 0.488583 0.03975 0.0646111
0 0.886479 0.587778 0.042375 0.0719444
0 0.966813 0.568361 0.0550833 0.0364444
0 0.664344 0.434181 0.0439792 0.0514167
0 0.854104 0.53325 0.0446667 0.126778
0 0.845052 0.736903 0.0522708 0.109694
0 0.782177 0.684806 0.0720208 0.279833
0 0.852219 0.650486 0.0287292 0.0631944
