2 0.81938 0.78612 0.30204 0.26664
2 0.80203 0.6394 0.05582 0.0425333
2 0.6607 0.635613 0.04188 0.07032
2 0.72412 0.643587 0.08288 0.0954933
3 0.6017 0.701093 0.15268 0.14096
3 0.50501 0.66744 0.0417 0.0574933
2 0.63965 0.621213 0.0583 0.0462667
0 0.84731 0.81128 0.20134 0.360373
0 0.19999 0.652227 0.03154 0.109307
0 0.27472 0.78652 0.0708 0.386533
0 0.59001 0.671787 0.05798 0.145173
0 0.50604 0.634853 0.03728 0.0660267
0 0.47449 0.621453 0.01114 0.0336267
0 0.31648 0.62332 0.01028 0.0425867
0 0.12961 0.636493 0.01518 0.0825867
0 0.48505 0.83804 0.2421 0.30024
2 0.60288 0.614493 0.03284 0.0284533
0 0.44249 0.613307 0.01694 0.0258133
0 0.06615 0.728533 0.0691 0.28128
2 0.93208 0.66208 0.13584 0.143733
2 0.83888 0.625827 0.0562 0.0326133
2 0.40828 0.623587 0.03816 0.0309067
4 4.0 4.0 4.0 4.0
4 4.0 4.0 4.0 4.0
0 0.23086 0.636467 0.01932 0.0692
0 0.24109 0.620067 0.00762 0.0466933
3 0.43946 0.631947 0.01752 0.0328533
