0 0.432711 0.568691 0.346172 0.833325
0 0.775531 0.748797 0.122094 0.312028
0 0.852992 0.382123 0.0741094 0.123585
0 0.713836 0.163125 0.104172 0.159976
0 0.573258 0.100448 0.0756406 0.159811
0 0.53268 0.621144 0.0831094 0.271061
0 0.195773 0.758432 0.129516 0.339316
0 0.739492 0.404575 0.0475781 0.0603774
0 0.653781 0.400542 0.0667813 0.0675472
0 0.501242 0.107052 0.0691719 0.128915
0 0.882875 0.745153 0.119813 0.319882
0 0.0746172 0.679446 0.149234 0.411863
0 0.309469 0.384658 0.0759062 0.112665
