2 0.93547 0.946586 0.129061 0.0932969
2 0.819405 0.90925 0.0487474 0.0278125
2 0.763246 0.891039 0.0228184 0.0256094
2 0.974415 0.910133 0.0511691 0.0297656
0 0.590313 0.913055 0.0429645 0.0846094
0 0.643612 0.905203 0.0167015 0.0392813
0 0.266409 0.884961 0.0230898 0.0224531
0 0.614186 0.907039 0.0170146 0.0359844
2 0.898925 0.901719 0.0420251 0.0192187
2 0.985094 0.900297 0.0298121 0.0197813
0 0.680585 0.903055 0.0074739 0.0262031
2 0.920031 0.896312 0.0208977 0.0117813
2 0.852756 0.894773 0.0159916 0.0126094
