2 0.146961 0.829948 0.287172 0.315312
2 0.308227 0.858625 0.111859 0.258875
2 0.435812 0.855865 0.0844688 0.231979
2 0.86657 0.77275 0.167047 0.144125
0 0.578633 0.877417 0.0722031 0.207708
0 0.84607 0.798875 0.0674219 0.240458
0 0.955758 0.83126 0.0861406 0.337479
2 0.258883 0.704375 0.0336719 0.0485833
2 0.599109 0.783813 0.0244375 0.0202083
2 0.0670625 0.887052 0.134125 0.197646
2 0.528219 0.791094 0.00871875 0.0767292
4 0.396656 0.774427 0.265375 0.335146
0 0.702211 0.812344 0.0873906 0.327313
0 0.683305 0.716406 0.0374219 0.106104
