0 0.467021 0.642672 0.243292 0.264906
0 0.73724 0.427148 0.102063 0.162641
0 0.252135 0.248352 0.0677708 0.0773906
0 0.546333 0.372008 0.0755 0.0800469
0 0.476708 0.368602 0.0828333 0.0869531
0 0.338146 0.367109 0.08525 0.0860937
0 0.270781 0.362648 0.0674375 0.0783906
0 0.300187 0.312789 0.07275 0.101172
0 0.371115 0.320234 0.0737292 0.107031
0 0.614604 0.0356328 0.0674583 0.0712656
0 0.40626 0.0701641 0.0676875 0.0955781
0 0.411531 0.3625 0.0760208 0.102469
0 0.165979 0.0631562 0.0559583 0.0895312
