2 0.701302 0.906977 0.375312 0.163891
0 0.0973229 0.851141 0.0281458 0.0862813
0 0.132438 0.840531 0.022 0.0614375
0 0.92251 0.830039 0.0227708 0.0410469
2 0.301281 0.833578 0.0638542 0.0388125
0 0.901885 0.831797 0.0160208 0.0444688
0 0.885146 0.839234 0.0198333 0.05225
0 0.84175 0.836008 0.0195 0.0478281
2 0.46826 0.837109 0.171729 0.054875
2 0.23926 0.834539 0.0142292 0.0129531
0 0.822896 0.834406 0.0259167 0.062
0 0.809677 0.824227 0.0176458 0.0262656
0 0.951323 0.843258 0.0324375 0.0846719
0 0.0327396 0.820367 0.0157292 0.0234219
0 0.226625 0.835625 0.0248333 0.0737812
0 0.0667187 0.830875 0.0336458 0.0531875
2 0.935583 0.964797 0.128833 0.0704063
6 0.359521 0.819062 0.0640417 0.04725
0 0.847969 0.799672 0.0105625 0.0117813
