2 0.972484 0.565844 0.0550312 0.0638542
2 0.96043 0.525 0.0791406 0.0520417
6 6.0 6.0 6.0 6.0
6 6.0 6.0 6.0 6.0
0 0.480672 0.881323 0.0740625 0.236188
0 0.532094 0.908781 0.1115 0.157646
0 0.950719 0.674802 0.0403125 0.0957292
0 0.410773 0.927573 0.0489219 0.0974792
0 0.290727 0.758052 0.0622656 0.182354
0 0.36207 0.673625 0.0488906 0.13875
0 0.313219 0.659292 0.0319688 0.089625
0 0.675664 0.609125 0.0356719 0.140167
0 0.598305 0.607208 0.0271719 0.107875
0 0.792766 0.794156 0.0322812 0.203438
0 0.431305 0.70699 0.0263281 0.132312
0 0.350641 0.664 0.0222812 0.120917
0 0.105344 0.803354 0.044 0.192333
