0 0.467763 0.541617 0.0406792 0.0758281
0 0.571827 0.551922 0.0492272 0.081125
0 0.0603396 0.488211 0.0363232 0.0616406
0 0.815094 0.550563 0.0538876 0.0674063
0 0.486874 0.58882 0.065082 0.0562031
0 0.469368 0.418789 0.0206089 0.0169844
0 0.9476 0.543414 0.0961827 0.104266
0 0.92815 0.460227 0.041452 0.0462656
0 0.986218 0.449445 0.0257845 0.0333906
0 0.0941335 0.498117 0.0492506 0.0418281
0 0.0303396 0.574977 0.0600703 0.0482031
0 0.449953 0.401133 0.0138173 0.0154219
0 0.942892 0.443172 0.0262529 0.0240313
