0 0.0132109 0.700601 0.0264219 0.156439
0 0.140703 0.639292 0.01625 0.0652358
0 0.802492 0.648467 0.0207969 0.0723113
0 0.529117 0.600142 0.00732813 0.0185849
2 0.392289 0.82921 0.754797 0.310118
2 0.510078 0.650625 0.109813 0.0684198
2 0.720023 0.748208 0.130953 0.128774
4 0.410359 0.595259 0.0580625 0.0914623
0 0.762898 0.63645 0.0179219 0.043184
0 0.724031 0.641203 0.0155937 0.0574528
0 0.701695 0.64263 0.0177344 0.0308726
0 0.0240703 0.656132 0.0181719 0.109906
0 0.10032 0.681226 0.0187969 0.0399057
0 0.215586 0.64875 0.0177656 0.0924057
0 0.757477 0.670943 0.0161719 0.0412736
2 0.687102 0.714894 0.102984 0.0980425
2 0.613898 0.793231 0.508734 0.357075
2 0.868305 0.70987 0.0638906 0.10342
2 0.838914 0.706203 0.0828594 0.108302
2 0.240305 0.655189 0.0500781 0.0746226
2 0.900727 0.839517 0.198547 0.320967
2 0.26368 0.635377 0.0612031 0.0804245
2 0.666375 0.689045 0.0800312 0.08625
4 0.518242 0.552571 0.0207969 0.0346226
0 0.181289 0.654292 0.0192969 0.0815094
0 0.620883 0.61783 0.0147031 0.0312264
