0 0.480336 0.404844 0.0914844 0.229271
0 0.834266 0.454323 0.144594 0.554354
0 0.769203 0.280708 0.0406875 0.0690833
0 0.942422 0.275083 0.058875 0.139458
0 0.620805 0.263115 0.0480156 0.154396
0 0.181094 0.230562 0.0405 0.126917
0 0.511836 0.254083 0.0235781 0.07425
0 0.292242 0.226073 0.0222656 0.0847708
0 0.453781 0.243875 0.02175 0.0654167
0 0.0684844 0.260167 0.0296875 0.0717917
0 0.0516406 0.252406 0.0295 0.0865208
0 0.0738438 0.206125 0.0054375 0.0322917
0 0.572305 0.255896 0.0463906 0.0851667
