3 0.387508 0.827412 0.210797 0.345176
3 0.0754922 0.837119 0.147391 0.325761
0 0.263172 0.691534 0.084375 0.247892
0 0.563273 0.786452 0.0993906 0.40096
0 0.785148 0.763513 0.0946719 0.441452
0 0.359031 0.666686 0.073125 0.203068
0 0.454227 0.699204 0.0547656 0.245012
0 0.682344 0.788185 0.0732187 0.42363
0 0.634523 0.730867 0.0414219 0.256768
0 0.867812 0.717927 0.083375 0.242693
0 0.0739844 0.651698 0.116312 0.189204
0 0.518898 0.662904 0.0335156 0.0804684
0 0.619336 0.666393 0.0262969 0.128525
0 0.178961 0.787763 0.180703 0.401054
0 0.947 0.797623 0.0887813 0.404754
