0 0.462203 0.510117 0.475656 0.921362
0 0.858508 0.641115 0.0357031 0.1473
0 0.793789 0.671925 0.0139219 0.0520657
0 0.609711 0.654002 0.0342969 0.109413
0 0.58218 0.656796 0.0287031 0.111854
0 0.141172 0.610716 0.068625 0.190493
0 0.329828 0.523545 0.217906 0.899108
0 0.674102 0.657019 0.0295156 0.10784
0 0.709187 0.65723 0.0235313 0.07
0 0.903789 0.646232 0.0270469 0.113873
0 0.639609 0.658075 0.0247812 0.0944131
0 0.15143 0.618333 0.181734 0.33385
0 0.371094 0.634437 0.0205 0.10169
