0 0.507023 0.882948 0.116234 0.234104
0 0.508648 0.789677 0.101672 0.122021
0 0.400563 0.859615 0.045625 0.123687
0 0.232023 0.903531 0.0418281 0.149438
0 0.782023 0.919104 0.0438281 0.139333
0 0.618906 0.856615 0.0367813 0.156396
0 0.0242891 0.882531 0.0485781 0.234937
0 0.383656 0.853823 0.0370313 0.121063
0 0.347328 0.849323 0.0345625 0.136146
0 0.289898 0.840865 0.0110781 0.0583958
0 0.302031 0.843458 0.011625 0.064375
0 0.0862813 0.899323 0.130906 0.201354
0 0.200891 0.867333 0.04 0.146167
