2 0.969297 0.443198 0.0605313 0.0511458
2 0.228047 0.455417 0.0608437 0.0443333
4 4.0 4.0 4.0 4.0
0 0.310258 0.630271 0.136203 0.544833
0 0.890977 0.529021 0.0885156 0.343958
0 0.848641 0.52976 0.0534063 0.305354
0 0.172477 0.64026 0.111203 0.520396
0 0.698828 0.822521 0.140094 0.354958
1 0.8975 0.721292 0.191469 0.352042
6 6.0 6.0 6.0 6.0
0 0.459656 0.388531 0.0322812 0.0875208
2 0.0613516 0.462156 0.101328 0.0536042
0 0.954203 0.728542 0.0915938 0.542917
0 0.213391 0.584198 0.0929062 0.352479
