0 0.810136 0.195547 0.12182 0.124562
0 0.703232 0.159539 0.0460042 0.0911719
0 0.337207 0.215672 0.162406 0.273781
0 0.491077 0.161602 0.0771339 0.112234
0 0.542312 0.24118 0.142322 0.175391
0 0.649895 0.20493 0.12636 0.235953
0 0.249456 0.341484 0.170209 0.229094
0 0.739885 0.325742 0.269979 0.174859
0 0.902573 0.506758 0.194854 0.349109
0 0.137249 0.236195 0.137762 0.108953
0 0.133075 0.540906 0.259498 0.300563
0 0.933619 0.110594 0.132762 0.221188
0 0.138128 0.347227 0.236172 0.140766
