0 0.05 0.712781 0.1 0.574438
0 0.142133 0.714177 0.102703 0.562313
0 0.223211 0.674177 0.118703 0.524438
0 0.606023 0.436583 0.0378594 0.122333
0 0.384266 0.65674 0.101125 0.471896
0 0.493711 0.631833 0.0844219 0.458333
0 0.640227 0.641906 0.0966094 0.435604
0 0.82925 0.639313 0.0922813 0.437833
0 0.430844 0.630333 0.0640312 0.448125
0 0.308703 0.675115 0.0907813 0.479521
0 0.569242 0.629885 0.0743906 0.440271
0 0.784953 0.47224 0.0443438 0.175063
0 0.693914 0.63326 0.0692656 0.406104
