0 0.601328 0.811208 0.0564375 0.190333
0 0.682727 0.827229 0.0450469 0.179042
0 0.733461 0.795438 0.0762969 0.261167
0 0.778609 0.76401 0.0137187 0.0893958
0 0.557914 0.748979 0.0135156 0.0537083
0 0.288672 0.773625 0.0188437 0.0583333
0 0.434984 0.762281 0.022 0.0555208
0 0.264336 0.798667 0.0160156 0.0591667
0 0.837703 0.744042 0.0123438 0.043875
0 0.828141 0.733344 0.0203125 0.0569375
0 0.626484 0.748198 0.014125 0.0369375
0 0.286219 0.716365 0.00546875 0.0202292
0 0.718242 0.761708 0.0207031 0.0753333
