2 0.591492 0.38377 0.0431406 0.0583607
2 0.837438 0.384379 0.102469 0.0522717
2 0.966125 0.389508 0.0240313 0.0354098
2 0.983531 0.381651 0.0222812 0.0466276
2 0.470945 0.39445 0.0621094 0.0387822
2 0.433836 0.396253 0.0190469 0.0337705
0 0.639508 0.484567 0.294703 0.856487
0 0.416992 0.398372 0.0322656 0.141616
0 0.357641 0.398314 0.0254063 0.132927
0 0.31843 0.403044 0.0376719 0.136066
0 0.89482 0.409508 0.0195781 0.134005
0 0.122445 0.405234 0.0410781 0.168407
0 0.212633 0.401628 0.0324531 0.132248
0 0.186531 0.410808 0.0318125 0.138618
0 0.153953 0.407096 0.0283125 0.140094
0 0.0337422 0.396721 0.0303281 0.129789
0 0.388516 0.401276 0.0260312 0.138478
0 0.631203 0.391206 0.0288125 0.0851756
2 0.0989141 0.413349 0.0248594 0.0433255
6 6.0 6.0 6.0 6.0
0 0.337305 0.361452 0.0122656 0.0264637
2 0.772672 0.387518 0.0165937 0.0407026
