0 0.671447 0.903648 0.0796941 0.134547
0 0.140859 0.861914 0.0296706 0.0286406
0 0.421871 0.875969 0.0425176 0.0861563
0 0.776082 0.877547 0.05 0.0770625
0 0.0515412 0.844938 0.0139059 0.010875
0 0.933329 0.873164 0.0200235 0.0428906
0 0.316753 0.852727 0.0166118 0.0225781
0 0.886176 0.85825 0.0224235 0.0172813
0 0.842224 0.862328 0.0207765 0.0314063
0 0.287753 0.864719 0.0356 0.029625
0 0.463941 0.85382 0.0242118 0.0238906
0 0.368871 0.849922 0.0158588 0.0238438
0 0.964271 0.882547 0.0685412 0.0935
