0 0.0740547 0.598797 0.0254219 0.0984346
0 0.847234 0.522523 0.173219 0.416682
0 0.553781 0.535958 0.169813 0.501121
0 0.301516 0.553119 0.226844 0.459556
0 0.114883 0.550607 0.0759531 0.322664
0 0.463992 0.551694 0.0883594 0.283575
0 0.782898 0.535537 0.0234219 0.0446729
0 0.00825781 0.488516 0.0165156 0.0625
0 0.354281 0.575315 0.0389062 0.0676869
0 0.396641 0.568633 0.0192187 0.0571262
0 0.700719 0.587664 0.02925 0.142804
0 0.669648 0.614287 0.0425469 0.197967
0 0.385734 0.556939 0.01275 0.0473364
