0 0.599781 0.650289 0.0909375 0.116922
0 0.61099 0.380156 0.0175625 0.016125
0 0.903479 0.533359 0.0207917 0.0679375
0 0.854177 0.457727 0.0232292 0.0619531
0 0.201854 0.874539 0.091375 0.109266
0 0.284104 0.85918 0.0600833 0.0688906
0 0.353688 0.855406 0.0628333 0.0715
0 0.539667 0.852742 0.0564167 0.0673906
0 0.448583 0.87475 0.05225 0.0346875
0 0.394531 0.438336 0.0285208 0.0591094
0 0.519677 0.404828 0.0374792 0.0383125
0 0.235312 0.859242 0.0457917 0.0655469
0 0.00860417 0.595969 0.0172083 0.0985313
