0 0.622557 0.447687 0.450124 0.266031
0 0.444099 0.424797 0.0971843 0.105406
0 0.451812 0.379445 0.0667288 0.0863281
0 0.825631 0.459453 0.150311 0.221062
0 0.866573 0.423586 0.0960455 0.112047
0 0.954193 0.419578 0.0916149 0.113125
0 0.961584 0.391164 0.0410973 0.0357344
0 0.0280745 0.391187 0.0561491 0.0851875
0 0.189979 0.232 0.0918841 0.0905
0 0.272909 0.348414 0.0673913 0.0610469
0 0.352764 0.400836 0.0923602 0.109703
0 0.153106 0.407813 0.306211 0.294187
0 0.314959 0.44593 0.177826 0.165641
