0 0.527297 0.522904 0.291406 0.588759
0 0.69025 0.253618 0.0342812 0.151874
0 0.928672 0.260398 0.028875 0.128665
2 0.842992 0.250023 0.147484 0.093911
2 0.601445 0.244227 0.151422 0.118431
2 0.742086 0.255281 0.0999844 0.0928103
2 0.346484 0.250047 0.127812 0.0981265
6 6.0 6.0 6.0 6.0
6 6.0 6.0 6.0 6.0
0 0.742914 0.29048 0.0354219 0.0765105
2 0.930484 0.249344 0.139031 0.111194
2 0.274367 0.23829 0.0421406 0.0696956
2 0.410305 0.220738 0.0368906 0.0429742
2 0.280703 0.212295 0.04725 0.0235129
2 0.484164 0.251148 0.127797 0.102576
2 0.132469 0.209836 0.03775 0.0500703
6 6.0 6.0 6.0 6.0
2 0.789234 0.22315 0.0660625 0.0395082
6 6.0 6.0 6.0 6.0
6 6.0 6.0 6.0 6.0
