3 0.613484 0.849438 0.252812 0.274167
0 0.21193 0.58951 0.0313594 0.0875625
3 0.438461 0.749396 0.129484 0.291167
3 0.324469 0.643792 0.06075 0.1415
3 0.282836 0.633146 0.0482344 0.0870833
3 0.243055 0.617333 0.0393594 0.080125
3 0.216555 0.61426 0.0230781 0.0486458
3 0.195164 0.590646 0.00982813 0.02825
3 0.369148 0.681938 0.0629531 0.198875
3 0.187211 0.579365 0.00660938 0.0173125
3 0.181953 0.575052 0.00690625 0.0205625
3 0.177602 0.569479 0.00667187 0.0180417
2 0.0696406 0.573823 0.0154687 0.0232708
6 0.968938 0.849385 0.062125 0.274646
