1 0.846906 0.778958 0.0363438 0.0995082
4 4.0 4.0 4.0 4.0
4 4.0 4.0 4.0 4.0
0 0.761477 0.946721 0.0345781 0.106557
1 0.391664 0.391218 0.0432344 0.067541
0 0.31 0.889813 0.0426562 0.153536
0 0.238508 0.869227 0.0409531 0.164778
0 0.117141 0.898396 0.0261562 0.133841
0 0.867711 0.894883 0.0562969 0.166628
0 0.958234 0.89377 0.0543438 0.148244
0 0.734187 0.0198829 0.0162188 0.0397658
0 0.560172 0.259707 0.0149062 0.0639578
0 0.0929766 0.927073 0.0318281 0.145855
0 0.378227 0.274098 0.0223906 0.0878689
0 0.0849453 0.850445 0.0246719 0.09363
1 0.0859531 0.526393 0.0708438 0.0711007
1 0.0230547 0.54445 0.0401094 0.0622951
1 0.89793 0.755937 0.0333906 0.0574473
1 0.0191797 0.830023 0.0365469 0.0823419
0 0.232875 0.454906 0.025875 0.0805386
0 0.504156 0.313489 0.0224375 0.0933489
