4 4.0 4.0 4.0 4.0
0 0.403945 0.79067 0.0800469 0.262632
0 0.406375 0.950897 0.0834688 0.0784928
0 0.289734 0.699067 0.0715625 0.219091
0 0.372438 0.533218 0.0370937 0.181986
0 0.411227 0.519366 0.0364531 0.203086
0 0.234062 0.749402 0.0620313 0.273445
0 0.48007 0.937536 0.0859844 0.123923
0 0.29882 0.904892 0.0881719 0.190215
0 0.331844 0.605981 0.0610313 0.228804
2 0.91743 0.485909 0.165141 0.169474
2 0.931727 0.391328 0.136547 0.065
2 0.729445 0.352117 0.155578 0.0988756
2 0.672578 0.302045 0.0770625 0.0456699
0 0.343359 0.855718 0.100031 0.28622
0 0.0795313 0.642596 0.0634375 0.201842
2 0.780359 0.340766 0.0915625 0.0995694
2 0.479195 0.24689 0.0617031 0.0353589
2 0.526141 0.25378 0.042125 0.0433493
2 0.331945 0.204629 0.0213906 0.0246172
2 0.250445 0.224569 0.0790156 0.0620574
0 0.344047 0.442356 0.0511875 0.114187
