2 0.213063 0.230553 0.07125 0.0788018
2 0.0973125 0.229608 0.067125 0.0800922
2 0.701914 0.607869 0.596172 0.757304
2 0.136281 0.207154 0.0310312 0.0409447
2 0.158859 0.200346 0.024 0.0320276
2 0.0824063 0.179182 0.0196563 0.0232949
2 0.130586 0.190553 0.0324531 0.0223041
2 0.101211 0.17023 0.0245781 0.0188479
0 0.471039 0.207581 0.0152969 0.0651613
6 6.0 6.0 6.0 6.0
0 0.200836 0.20773 0.00782813 0.016106
0 0.225617 0.207281 0.00704687 0.0129954
0 0.989156 0.190795 0.0216875 0.0821429
2 0.0130469 0.187408 0.0258437 0.0426498
6 6.0 6.0 6.0 6.0
