0 0.621969 0.701593 0.0605313 0.22623
0 0.573844 0.715351 0.0392813 0.164941
0 0.707383 0.619941 0.0452969 0.197775
0 0.156414 0.825644 0.0600469 0.192693
0 0.403867 0.417026 0.0245156 0.101639
0 0.424539 0.424133 0.0192031 0.0987588
0 0.479219 0.327283 0.0135 0.0598126
0 0.465805 0.319766 0.0208906 0.0841686
0 0.641008 0.321417 0.0156719 0.0791335
0 0.486867 0.316686 0.00804688 0.0275176
0 0.123953 0.841007 0.0928438 0.188009
0 0.663016 0.320141 0.0238438 0.0795785
0 0.50275 0.434789 0.0242188 0.0300937
