2 0.353367 0.757354 0.0710781 0.0430445
2 0.39607 0.749075 0.0167656 0.0145902
4 4.0 4.0 4.0 4.0
0 0.159969 0.78671 0.0269375 0.120539
0 0.398672 0.772588 0.00890625 0.0431616
0 0.389031 0.783888 0.0157188 0.0520843
0 0.185914 0.788759 0.0239844 0.112365
0 0.431258 0.786897 0.0181719 0.0662998
0 0.292859 0.778419 0.0203125 0.071171
0 0.893289 0.790035 0.0112344 0.0517799
0 0.414438 0.787529 0.0116875 0.0586651
0 0.469984 0.791382 0.0178125 0.0734426
0 0.931398 0.781042 0.0103281 0.0303279
0 0.480133 0.79007 0.0107031 0.0695082
0 0.211727 0.79267 0.0479219 0.119578
0 0.261406 0.766604 0.0174375 0.0668384
