0 0.134336 0.621019 0.268672 0.337822
0 0.0844297 0.431499 0.0408906 0.114286
0 0.463812 0.629122 0.0166875 0.0851756
0 0.538336 0.643431 0.0104531 0.0540749
0 0.666023 0.640187 0.0129844 0.0581733
0 0.71157 0.635047 0.0170781 0.072623
0 0.351969 0.621546 0.0382813 0.0961593
0 0.336516 0.647881 0.0085625 0.0471429
0 0.32568 0.6413 0.0124531 0.0596487
0 0.508602 0.608548 0.0180156 0.0503981
0 0.809031 0.639251 0.0192812 0.0607494
0 0.992164 0.625187 0.0156719 0.0839578
0 0.795844 0.642506 0.0106563 0.0502576
