2 0.547664 0.308333 0.0439531 0.0271667
4 4.0 4.0 4.0 4.0
2 0.375016 0.191604 0.0362813 0.022625
2 0.341211 0.17725 0.0359219 0.019625
2 0.331773 0.168187 0.0235781 0.021375
2 0.300906 0.147844 0.0343437 0.0222292
2 0.117234 0.187 0.0303438 0.02725
2 0.318203 0.162052 0.0305625 0.0212708
0 0.460109 0.434625 0.00653125 0.0235417
0 0.403844 0.556083 0.0059375 0.0252083
0 0.456062 0.544802 0.00871875 0.0253958
0 0.448047 0.534021 0.007875 0.0234167
0 0.412367 0.442875 0.00389063 0.0128333
0 0.92318 0.818073 0.00689063 0.0270208
0 0.928367 0.82799 0.00810938 0.0300625
0 0.545547 0.581344 0.004625 0.0108125
0 0.551164 0.579375 0.00714063 0.0144583
0 0.363625 0.603698 0.00528125 0.0170208
0 0.511281 0.450042 0.0100625 0.0204583
2 0.315719 0.0994479 0.0225 0.0252708
2 0.160281 0.172219 0.039125 0.0270208
2 0.0795078 0.199542 0.0375469 0.025375
2 0.0441562 0.214271 0.0390313 0.0256667
2 0.0599375 0.0787083 0.0315625 0.02525
0 0.904352 0.754812 0.0111406 0.025875
2 0.0905859 0.158437 0.0370156 0.036375
0 0.500516 0.421115 0.00675 0.0156458
