5 5.0 5.0 5.0 5.0
0 0.249609 0.370657 0.0449688 0.189793
0 0.126844 0.438445 0.0530625 0.224954
0 0.202367 0.410035 0.0517031 0.21288
0 0.310438 0.351532 0.0539063 0.162558
0 0.685195 0.0870276 0.0162656 0.0658065
0 0.89843 0.8122 0.101891 0.337673
0 0.795367 0.741521 0.0996406 0.312903
0 0.032 0.53371 0.064 0.258433
0 0.574172 0.931256 0.0956562 0.137488
0 0.699406 0.857984 0.0984688 0.215553
0 0.677008 0.898986 0.0965156 0.198664
0 0.790328 0.947051 0.0793438 0.105899
0 0.582203 0.851509 0.0644062 0.150207
