0 0.602703 0.622199 0.170313 0.49338
0 0.463656 0.424155 0.1745 0.538588
0 0.800141 0.533715 0.24725 0.577523
0 0.904977 0.381227 0.0849844 0.143102
0 0.354945 0.523588 0.227516 0.629213
0 0.535742 0.145324 0.0838906 0.159213
0 0.715852 0.167095 0.0617969 0.158032
0 0.826203 0.145382 0.0191562 0.101412
0 0.687078 0.272025 0.0785312 0.0961806
0 0.606594 0.108796 0.0264375 0.0734722
0 0.63725 0.113738 0.023125 0.0702546
0 0.694508 0.0985417 0.0177656 0.051713
0 0.474109 0.105822 0.0219375 0.0816898
1 0.564328 0.253785 0.18075 0.111134
