0 0.765563 0.192183 0.0116562 0.0720961
0 0.545891 0.179891 0.0135312 0.0555895
0 0.495047 0.152915 0.0109687 0.0191921
0 0.331336 0.179028 0.0124219 0.0393231
0 0.826133 0.167609 0.0130469 0.0318996
0 0.0627812 0.196834 0.0154062 0.0208297
0 0.237055 0.180175 0.0106406 0.0480349
0 0.598086 0.177915 0.0154844 0.0412882
0 0.857781 0.196747 0.014625 0.0682969
0 0.877031 0.196998 0.0224375 0.0700218
0 0.995 0.198166 0.01 0.0409607
0 0.901719 0.196157 0.0225312 0.0762882
0 0.926328 0.182642 0.0201563 0.0375983
