2 0.8975 0.779929 0.205 0.417972
0 0.264719 0.653078 0.0819375 0.372948
0 0.910195 0.530401 0.0507344 0.108113
0 0.632477 0.707759 0.0936719 0.421368
0 0.806945 0.659682 0.101484 0.419929
0 0.128781 0.638632 0.0789062 0.357311
0 0.0495937 0.639965 0.0890312 0.311014
0 0.470461 0.761509 0.0981094 0.468774
0 0.569438 0.7123 0.068625 0.408797
0 0.236461 0.55046 0.0498906 0.177052
0 0.865687 0.530212 0.0465 0.149387
0 0.453531 0.748113 0.10575 0.433679
0 0.31468 0.608585 0.0532969 0.266038
0 0.356258 0.649033 0.0811719 0.295755
