0 0.251289 0.437829 0.0747969 0.170775
0 0.352156 0.434331 0.149469 0.190822
0 0.431656 0.471338 0.136 0.242066
0 0.642742 0.363885 0.150859 0.445329
0 0.160391 0.773204 0.290844 0.453592
0 0.0539687 0.603603 0.104937 0.20946
0 0.417508 0.8277 0.196391 0.324319
0 0.531648 0.694953 0.162734 0.253005
0 0.609484 0.785153 0.181094 0.428709
0 0.748695 0.819472 0.207203 0.361056
0 0.905664 0.773756 0.133172 0.287887
0 0.955164 0.820892 0.0896719 0.332582
0 0.101023 0.42527 0.0894531 0.159554
