1 0.427146 0.646492 0.0249583 0.112328
1 0.589823 0.714141 0.109312 0.140813
1 0.474219 0.634688 0.0274792 0.109312
1 0.466417 0.424531 0.0252917 0.0719375
1 0.417208 0.407328 0.0250833 0.0715
1 0.364135 0.368164 0.0225625 0.0604844
1 0.314115 0.337156 0.0452708 0.0617188
0 0.5845 0.600836 0.121875 0.163703
0 0.424979 0.58357 0.107042 0.210859
0 0.488917 0.573898 0.0615417 0.178484
0 0.501781 0.472047 0.0867708 0.140656
0 0.467802 0.378547 0.0539375 0.11325
0 0.412427 0.369742 0.0636875 0.125828
0 0.357792 0.331039 0.06625 0.111641
0 0.310781 0.302289 0.0656875 0.0841719
0 0.522385 0.417 0.0540625 0.0599688
