0 0.470117 0.129302 0.104766 0.0806875
0 0.290047 0.141635 0.0529375 0.0869792
0 0.557852 0.126688 0.0504844 0.08275
0 0.0692266 0.131146 0.0626406 0.114042
0 0.338109 0.140531 0.050125 0.0820208
0 0.140281 0.152948 0.0441875 0.0827292
0 0.891516 0.114177 0.0586875 0.0958542
0 0.246328 0.0333646 0.049875 0.0667292
0 0.808461 0.123438 0.0629219 0.0904583
0 0.955648 0.071 0.0485469 0.14075
0 0.738672 0.523469 0.201844 0.467146
0 0.976742 0.154521 0.0465156 0.26875
0 0.881008 0.0564687 0.0749844 0.112937
