4 0.495906 0.439461 0.231875 0.645761
4 0.257875 0.762916 0.197906 0.451686
4 0.106688 0.426171 0.159562 0.613653
4 0.334227 0.471405 0.172672 0.479438
4 0.646195 0.421347 0.302859 0.644941
4 0.791633 0.773033 0.290859 0.426956
4 0.91907 0.76404 0.155922 0.449438
4 0.812812 0.375585 0.374375 0.564052
4 0.86643 0.285457 0.267141 0.395972
4 0.907477 0.132201 0.185047 0.263981
4 0.0948906 0.126148 0.189469 0.252295
4 0.226055 0.12308 0.206016 0.246159
4 0.0503828 0.779953 0.100766 0.416674
