0 0.255336 0.664906 0.345516 0.669646
0 0.6115 0.710458 0.387594 0.579083
0 0.810375 0.495417 0.256375 0.500458
0 0.914609 0.74425 0.170781 0.469667
0 0.570273 0.464271 0.228734 0.457458
0 0.371633 0.512354 0.193828 0.59775
0 0.242836 0.298344 0.155172 0.200063
0 0.111656 0.317531 0.10875 0.188521
0 0.0748203 0.514771 0.102859 0.695667
0 0.582406 0.21125 0.0825937 0.121583
0 0.688109 0.303646 0.165844 0.243333
0 0.866453 0.289104 0.124125 0.192167
0 0.763781 0.25526 0.09175 0.228729
