0 0.428008 0.687677 0.0538906 0.213604
0 0.30132 0.689479 0.0578281 0.231292
0 0.928461 0.656146 0.0884844 0.281625
0 0.602008 0.66026 0.0662031 0.234521
0 0.901016 0.482333 0.0252812 0.05
0 0.734828 0.715729 0.094375 0.339333
0 0.477156 0.490219 0.0122188 0.0513958
0 0.490852 0.565906 0.0357656 0.0830208
0 0.537234 0.581812 0.0276875 0.100542
0 0.153812 0.69775 0.0986563 0.2945
0 0.409141 0.581063 0.0284687 0.0980833
0 0.643609 0.415865 0.00571875 0.0205625
0 0.667742 0.618125 0.0378906 0.162958
