3 0.242477 0.84253 0.181051 0.08334
0 0.246441 0.79432 0.121351 0.112
2 0.403093 0.75834 0.177898 0.05472
2 0.647943 0.75197 0.121111 0.03678
2 0.557162 0.74811 0.091021 0.0273
2 0.207477 0.74657 0.146787 0.03574
2 0.10006 0.74143 0.1403 0.03334
2 0.0402853 0.75385 0.0757057 0.03978
2 0.512432 0.74232 0.0927327 0.03036
2 0.680691 0.73618 0.062042 0.02084
2 0.701201 0.71581 0.0841441 0.0267
2 0.877673 0.74158 0.0567868 0.02364
2 0.729189 0.74185 0.0366967 0.02074
6 6.0 6.0 6.0 6.0
2 0.904129 0.7393 0.0345045 0.01976
