0 0.474648 0.578518 0.325359 0.601788
0 0.786945 0.571365 0.318703 0.526118
0 0.294836 0.566235 0.205422 0.475294
0 0.302187 0.313482 0.210406 0.541553
0 0.465594 0.261788 0.134313 0.235953
0 0.594828 0.368835 0.117625 0.544824
0 0.144008 0.468165 0.153703 0.523576
0 0.837633 0.395435 0.0481719 0.163388
0 0.88518 0.403824 0.0515156 0.146706
0 0.739359 0.307 0.0297812 0.0426118
0 0.943203 0.571906 0.113594 0.797741
0 0.0354063 0.119047 0.0708125 0.238094
0 0.946914 0.373165 0.0362969 0.111271
