0 0.5505 0.545447 0.193844 0.517953
0 0.40443 0.380071 0.121141 0.188988
0 0.456414 0.365082 0.0536406 0.175388
0 0.917422 0.408271 0.0276875 0.160682
0 0.173781 0.424682 0.198469 0.248235
0 0.746102 0.363176 0.106859 0.1544
0 0.688313 0.339588 0.052875 0.105106
0 0.655797 0.438788 0.113031 0.341341
3 0.533477 0.632365 0.225297 0.568965
3 0.295578 0.614506 0.127312 0.329529
3 0.750914 0.5086 0.114984 0.351976
0 0.302516 0.495153 0.111781 0.424329
0 0.976734 0.416494 0.0357188 0.180847
3 0.650523 0.563165 0.109266 0.415412
3 0.161719 0.649106 0.176437 0.531341
3 0.413984 0.558024 0.104188 0.284518
0 0.951641 0.431447 0.0222188 0.140259
0 0.585781 0.327494 0.013625 0.0423765
0 0.821086 0.414271 0.0266406 0.114988
