2 0.326187 0.565696 0.0525312 0.0289662
2 0.105375 0.568847 0.0745625 0.0421471
6 6.0 6.0 6.0 6.0
6 6.0 6.0 6.0 6.0
0 0.346742 0.618181 0.0384219 0.102803
0 0.131781 0.582604 0.0218438 0.0263221
0 0.16957 0.577276 0.0151094 0.0464016
0 0.428187 0.565775 0.011375 0.0459841
0 0.156133 0.577664 0.0125781 0.045507
4 4.0 4.0 4.0 4.0
0 0.666711 0.567326 0.00979688 0.0181909
0 0.107953 0.587147 0.0220625 0.0459046
0 0.434828 0.565567 0.0125 0.0410338
2 0.529984 0.557545 0.0247188 0.0202187
2 0.54457 0.556014 0.0180469 0.0160437
2 0.5675 0.554185 0.0149062 0.015328
2 0.48543 0.550338 0.0217344 0.0134791
2 0.218109 0.56334 0.0410313 0.0221074
0 0.803734 0.582445 0.0209688 0.0506561
0 0.840508 0.574751 0.0146094 0.0378131
2 0.152336 0.580616 0.0839219 0.0339563
0 0.850906 0.56325 0.0115937 0.0123062
0 0.144359 0.588867 0.00384375 0.00723658
0 0.773313 0.575676 0.0205313 0.037674
