0 0.475352 0.363 0.0334219 0.0469167
0 0.726586 0.462385 0.0110469 0.0186458
0 0.790773 0.468146 0.0112344 0.0224583
0 0.822055 0.474448 0.00839063 0.0206875
0 0.85575 0.479146 0.0116562 0.025125
0 0.655305 0.516667 0.0211719 0.0497917
6 0.763609 0.591229 0.347313 0.134833
0 0.792344 0.490823 0.0166563 0.0254375
0 0.218312 0.445188 0.0157813 0.0185
0 0.24175 0.442073 0.0180937 0.0236875
0 0.995891 0.537625 0.00821875 0.0125
0 0.974125 0.537937 0.0177813 0.0147917
0 0.956781 0.530792 0.01425 0.0275
