3 0.657305 0.170787 0.117984 0.152825
3 0.526687 0.477537 0.89325 0.941575
3 0.531586 0.324488 0.486016 0.432175
3 0.712289 0.351963 0.348359 0.330075
3 0.755742 0.215237 0.108609 0.115075
0 0.186875 0.16275 0.0458125 0.2155
0 0.0972734 0.150587 0.0515469 0.245675
0 0.151305 0.125213 0.0224844 0.106325
0 0.274633 0.110362 0.0286094 0.092425
0 0.332891 0.1067 0.0216875 0.0384
0 0.421195 0.12605 0.0278906 0.1223
0 0.460156 0.117775 0.0165 0.10815
0 0.54718 0.104175 0.0237656 0.09065
0 0.5845 0.131 0.0383125 0.1478
0 0.928414 0.180388 0.0505156 0.281975
0 0.962617 0.144188 0.0254219 0.101125
0 0.0316016 0.196625 0.0632031 0.31685
0 0.882953 0.147338 0.0219688 0.091525
