2 0.513977 0.816518 0.537828 0.281461
4 4.0 4.0 4.0 4.0
0 0.210648 0.725389 0.0105469 0.0367742
0 0.18768 0.726309 0.00682812 0.0290512
0 0.345711 0.72389 0.0241406 0.061556
0 0.159195 0.724175 0.0107656 0.0432258
0 0.964039 0.73408 0.00879687 0.0302087
0 0.362445 0.725721 0.0127969 0.0421822
0 0.271305 0.722676 0.00564062 0.0183302
0 0.382758 0.722941 0.0144844 0.0522581
2 0.924625 0.73426 0.0321562 0.0311765
2 0.990242 0.755484 0.0195156 0.0570019
2 0.0461875 0.723975 0.037875 0.0268121
0 0.404125 0.725968 0.01925 0.0445351
0 0.371281 0.726129 0.0128125 0.0491461
0 0.147242 0.726755 0.0103594 0.0418596
0 0.136023 0.719583 0.00814063 0.0240607
0 0.130078 0.721888 0.006 0.0210816
