0 0.523789 0.550802 0.0798594 0.260729
0 0.418367 0.36001 0.0236406 0.0461042
0 0.386852 0.376469 0.0393281 0.0531875
0 0.349031 0.411135 0.0534375 0.120646
0 0.639188 0.363562 0.0285 0.046625
0 0.651516 0.341906 0.0262812 0.0535208
0 0.635656 0.311813 0.0249688 0.0617083
0 0.589195 0.309375 0.0261094 0.0455
0 0.557141 0.265344 0.0304063 0.0740625
0 0.523937 0.288594 0.0343437 0.0631875
0 0.289664 0.239083 0.0264531 0.0664583
0 0.0896953 0.255521 0.0291406 0.0707917
0 0.757695 0.217333 0.0314219 0.0617917
