0 0.533313 0.768427 0.0495312 0.102271
0 0.437656 0.808031 0.029375 0.0855625
0 0.330617 0.867938 0.116422 0.264125
0 0.21632 0.796333 0.0909844 0.267583
0 0.790875 0.839031 0.0806875 0.224979
0 0.491305 0.903521 0.0598906 0.191833
0 0.481602 0.777229 0.0525781 0.18225
0 0.878234 0.866229 0.0618125 0.264
0 0.689664 0.823688 0.0478281 0.228583
0 0.250563 0.878427 0.0433125 0.190812
0 0.828344 0.71699 0.0245312 0.0486458
0 0.452977 0.809469 0.0114531 0.0137708
0 0.653766 0.758229 0.0394062 0.118208
