0 0.611578 0.531542 0.18625 0.530208
0 0.219102 0.586958 0.188766 0.460667
0 0.469117 0.3475 0.0819219 0.130458
0 0.789703 0.354187 0.122188 0.254708
0 0.608211 0.0615417 0.0650156 0.0962083
0 0.506742 0.0659375 0.0490781 0.0901667
0 0.462484 0.0574687 0.0714687 0.101729
0 0.391445 0.05975 0.0972969 0.108417
0 0.336547 0.0572396 0.10575 0.114479
0 0.729367 0.0516979 0.0580469 0.103396
0 0.138445 0.360802 0.0883594 0.131688
0 0.0462656 0.364646 0.0925312 0.13775
0 0.404281 0.66774 0.267937 0.345479
