0 0.299914 0.303624 0.142641 0.530165
0 0.00738281 0.472306 0.0143594 0.1056
0 0.0601172 0.571094 0.0160469 0.0244471
0 0.0786719 0.578576 0.0190312 0.0341882
0 0.0917188 0.580541 0.0127188 0.0473882
0 0.105937 0.598553 0.0174375 0.0366353
0 0.118195 0.600835 0.0120156 0.0400706
0 0.16793 0.640529 0.00823437 0.0193176
0 0.195859 0.648918 0.0195 0.0386353
0 0.670203 0.781235 0.0531563 0.0932471
0 0.882859 0.565741 0.0176875 0.0541647
0 0.905438 0.544812 0.00978125 0.0204
0 0.84843 0.616765 0.0144531 0.0370118
