0 0.569562 0.89625 0.13825 0.184276
0 0.235344 0.89785 0.14575 0.204299
0 0.109109 0.898633 0.134344 0.202734
0 0.853789 0.901285 0.0776719 0.196822
0 0.729875 0.898703 0.130656 0.201659
0 0.317883 0.879077 0.0518906 0.163388
0 0.37418 0.883914 0.0497344 0.184836
0 0.447641 0.887523 0.0446875 0.197897
0 0.890352 0.897021 0.0644844 0.205958
0 0.913211 0.878715 0.0396719 0.217944
0 0.752 0.821764 0.0180625 0.088528
0 0.678133 0.845362 0.0366719 0.100678
0 0.63307 0.842979 0.0192344 0.0979206
