0 0.420461 0.660363 0.00864063 0.0343091
0 0.930922 0.82404 0.133344 0.35192
0 0.577891 0.704075 0.012125 0.0455738
0 0.538352 0.786452 0.0270469 0.143817
0 0.720547 0.810925 0.05425 0.222365
0 0.646172 0.74137 0.0378125 0.0686417
0 0.291883 0.775948 0.0214219 0.0914286
0 0.323297 0.775609 0.026875 0.0937939
0 0.209156 0.859625 0.137594 0.272131
0 0.576039 0.731124 0.0208906 0.0410773
0 0.794594 0.845796 0.10325 0.307377
0 0.131102 0.760492 0.0312344 0.0448244
0 0.848188 0.861862 0.06325 0.276276
