0 0.628719 0.473792 0.162875 0.3465
0 0.363094 0.408927 0.243187 0.390021
0 0.819102 0.48876 0.0707969 0.253937
0 0.970141 0.667 0.05525 0.303583
0 0.864531 0.479125 0.0535625 0.217167
0 0.558367 0.180635 0.00904687 0.0317292
6 6.0 6.0 6.0 6.0
0 0.572195 0.176312 0.00832813 0.0297083
0 0.545063 0.157135 0.00465625 0.0149792
2 0.504188 0.317615 0.124281 0.157771
2 0.426797 0.21425 0.043 0.052125
2 0.486258 0.221302 0.0563281 0.0399792
2 0.505547 0.193187 0.0410937 0.0593333
2 0.472172 0.161198 0.02225 0.0208125
2 0.0808984 0.361792 0.161797 0.296625
2 0.437055 0.199542 0.0387969 0.0446667
2 0.399438 0.238198 0.0235938 0.112354
0 0.525086 0.156531 0.00585938 0.0218125
0 0.547109 0.181177 0.0101563 0.0378958
0 0.530086 0.157219 0.00670312 0.0227708
2 0.489109 0.231687 0.0563125 0.0208333
2 0.45532 0.180854 0.0329219 0.0430833
2 0.497867 0.205021 0.0330781 0.0330833
2 0.497305 0.163792 0.0180781 0.00908333
0 0.537766 0.181875 0.01 0.0420833
