0 0.136953 0.567425 0.134688 0.6
0 0.331945 0.341613 0.156047 0.188144
0 0.0665859 0.410116 0.0726406 0.38877
0 0.175531 0.313213 0.0765 0.188422
0 0.740781 0.357309 0.0771875 0.125847
0 0.796063 0.342401 0.054625 0.127169
0 0.832367 0.464826 0.0987344 0.391508
0 0.965281 0.445742 0.0658438 0.337657
0 0.250563 0.361752 0.0972187 0.13181
0 0.541117 0.499188 0.144891 0.532483
0 0.683359 0.342471 0.0571875 0.140998
0 0.968883 0.594269 0.0622344 0.417958
0 0.730062 0.32797 0.0375937 0.110232
