0 0.371945 0.650492 0.165234 0.24103
0 0.531648 0.556019 0.175672 0.347869
0 0.245664 0.595492 0.140797 0.329719
0 0.240258 0.229227 0.0785781 0.155597
0 0.285508 0.229098 0.0691719 0.145831
0 0.333531 0.221639 0.0682187 0.150445
0 0.387102 0.213033 0.0299219 0.120539
0 0.598742 0.180597 0.0684531 0.15
0 0.643766 0.178806 0.0544063 0.12267
0 0.838188 0.15356 0.0596875 0.129696
0 0.711195 0.169906 0.0442969 0.117471
0 0.0933437 0.156347 0.0468125 0.0873068
0 0.367547 0.217319 0.0393125 0.143208
