0 0.520219 0.840911 0.202406 0.316869
0 0.271875 0.787418 0.148719 0.424136
0 0.451344 0.781285 0.0403437 0.0946729
0 0.697242 0.84215 0.118141 0.314486
0 0.865266 0.88222 0.0627188 0.227664
0 0.77557 0.743832 0.0207344 0.0606542
0 0.0454609 0.868984 0.0679531 0.252827
0 0.594203 0.776203 0.0596563 0.118014
0 0.114883 0.864544 0.0625781 0.270397
0 0.173078 0.869404 0.071125 0.261192
0 0.778273 0.841951 0.0781094 0.311238
0 0.350766 0.888914 0.04425 0.196192
0 0.928734 0.859463 0.0663438 0.281075
