6 6.0 6.0 6.0 6.0
0 0.834754 0.615578 0.0421546 0.0775
0 0.851885 0.609469 0.0298595 0.0766563
0 0.789988 0.618539 0.0437705 0.0667031
0 0.0690984 0.582344 0.0216159 0.0511875
0 0.086452 0.577469 0.015808 0.0464062
0 0.679555 0.551109 0.0517096 0.0365
0 0.0248946 0.583523 0.0249649 0.0439531
0 0.0476347 0.585664 0.0146604 0.0385469
4 4.0 4.0 4.0 4.0
3 0.0492623 0.590734 0.0176815 0.0241563
6 6.0 6.0 6.0 6.0
6 6.0 6.0 6.0 6.0
0 0.990504 0.582547 0.018103 0.02825
0 0.923841 0.61275 0.035644 0.0690937
0 0.907681 0.577969 0.0161593 0.0199063
0 0.785644 0.581609 0.0214052 0.0150625
0 0.959028 0.619344 0.0385714 0.0699687
