0 0.424289 0.663292 0.0700469 0.272792
0 0.599727 0.604073 0.0398281 0.162021
0 0.638742 0.571833 0.0234219 0.102125
0 0.824617 0.541948 0.0173906 0.0589792
0 0.706008 0.554438 0.0229531 0.074875
0 0.724273 0.557479 0.0252344 0.120917
0 0.753359 0.54351 0.0111875 0.0493958
0 0.786195 0.552865 0.0207344 0.0679375
0 0.925523 0.565198 0.0420469 0.130229
0 0.897531 0.540344 0.0138437 0.0533125
0 0.0760859 0.57376 0.0228906 0.0822708
0 0.194484 0.583604 0.0172187 0.0302083
0 0.676758 0.564927 0.0266719 0.111271
