0 0.563297 0.840179 0.0111875 0.0746188
0 0.949836 0.809013 0.0184219 0.0383857
0 0.874805 0.839843 0.0130156 0.0843498
0 0.90193 0.698453 0.00317187 0.0261435
0 0.882297 0.680381 0.00278125 0.016009
0 0.846758 0.688632 0.00376563 0.0249776
0 0.826508 0.689484 0.00389063 0.0133184
0 0.734172 0.764686 0.0075 0.0535874
0 0.518672 0.8137 0.0116875 0.0683857
0 0.435695 0.781726 0.00804688 0.0466816
0 0.251492 0.958543 0.00748437 0.0784305
0 0.56632 0.788565 0.00870313 0.0489686
0 0.550461 0.77926 0.00814063 0.0470404
