1 0.65098 0.705163 0.0603595 0.0371242
2 0.674837 0.63 0.164085 0.0752288
2 0.291838 0.373423 0.0471732 0.0291667
2 0.45134 0.392721 0.0656863 0.0315196
2 0.177075 0.348023 0.035817 0.0236601
2 0.449673 0.349093 0.0414052 0.0198856
2 0.638562 0.417092 0.0880065 0.0311765
4 0.252377 0.535711 0.280212 0.191258
4 0.809869 0.408194 0.185294 0.0870098
0 0.446667 0.84433 0.0301634 0.09
0 0.480065 0.814248 0.0244771 0.0888562
1 0.595727 0.58317 0.0522712 0.0346078
0 0.606299 0.552892 0.0171732 0.0337908
0 0.583007 0.353922 0.00908497 0.0201961
0 0.460564 0.725033 0.0215523 0.0697386
0 0.491985 0.730784 0.0431209 0.0809477
0 0.443521 0.778848 0.0244281 0.0647222
0 0.439788 0.71277 0.0238562 0.0776961
0 0.351789 0.855286 0.0298203 0.106552
0 0.6546 0.687345 0.0370098 0.068219
0 0.496912 0.577386 0.0188235 0.0539216
2 0.484861 0.387802 0.0587092 0.0326307
2 0.217337 0.362288 0.050915 0.0284314
2 0.0699101 0.370735 0.0453105 0.0219935
6 0.153342 0.411887 0.0493627 0.0603431
1 0.629845 0.578489 0.0448529 0.0334804
2 0.316324 0.369649 0.0384967 0.0297876
2 0.374191 0.383423 0.0625 0.0313889
0 0.942574 0.904837 0.0234804 0.0463725
0 0.51924 0.579224 0.0218464 0.0487745
2 0.951953 0.444158 0.0233824 0.0519444
