4 4.0 4.0 4.0 4.0
0 0.54468 0.694376 0.229797 0.611247
0 0.83232 0.611824 0.0896406 0.448588
0 0.761063 0.608988 0.0925312 0.435953
0 0.921805 0.550647 0.0911406 0.359788
0 0.232797 0.713294 0.142219 0.464894
0 0.322836 0.5396 0.0709531 0.250118
0 0.297453 0.4464 0.0282187 0.0878588
0 0.43425 0.520224 0.0865625 0.253953
0 0.615195 0.412424 0.0335469 0.130871
0 0.667203 0.406506 0.04125 0.130847
0 0.576852 0.429976 0.0462031 0.150494
4 4.0 4.0 4.0 4.0
0 0.652461 0.407847 0.383453 0.114706
0 0.23225 0.4412 0.0392188 0.0804235
