0 0.50507 0.236203 0.220828 0.356981
0 0.875156 0.500413 0.0174375 0.0354009
0 0.859383 0.524965 0.0170156 0.0933726
0 0.836102 0.525271 0.0319219 0.100873
0 0.796297 0.523078 0.018875 0.0939858
0 0.774 0.454292 0.0174375 0.0462264
0 0.653078 0.441392 0.019625 0.0485849
0 0.760531 0.495259 0.0155625 0.0346698
0 0.0604766 0.459858 0.0199844 0.054717
0 0.0156875 0.477913 0.0308125 0.0488443
0 0.746078 0.520519 0.0203438 0.0961792
0 0.817648 0.500896 0.0152656 0.029717
0 0.0846172 0.458502 0.0230156 0.0457783
