2 0.167344 0.530542 0.332156 0.472861
2 0.947406 0.452806 0.0922813 0.209
0 0.656664 0.623597 0.150422 0.752806
0 0.252062 0.260208 0.0243125 0.0639167
0 0.197883 0.253208 0.0147656 0.0625278
0 0.163391 0.235069 0.0342187 0.0759167
0 0.939672 0.300917 0.0550937 0.132
0 0.0666641 0.248347 0.0352344 0.0911389
0 0.0502422 0.251056 0.0220469 0.0923889
0 0.690719 0.315278 0.0452188 0.151944
0 0.845266 0.396194 0.067 0.328778
0 0.431594 0.638778 0.14125 0.722444
0 0.583734 0.307861 0.0225938 0.165667
0 0.875437 0.354347 0.0335312 0.195806
2 0.169461 0.327 0.294922 0.0832778
0 0.101344 0.264681 0.0235313 0.0463611
