0 0.435438 0.458531 0.0991875 0.384854
0 0.356969 0.321271 0.0485938 0.0910417
0 0.172461 0.218594 0.0388906 0.0899792
0 0.266398 0.316885 0.0468594 0.0821458
0 0.285453 0.277844 0.0436563 0.0687292
0 0.702102 0.281229 0.0405781 0.086875
0 0.304039 0.0920833 0.0358281 0.068
0 0.271289 0.0982083 0.0323906 0.0742083
0 0.210617 0.15275 0.0394219 0.0600833
0 0.132359 0.218479 0.0476562 0.0938333
0 0.775195 0.330813 0.0523906 0.08275
0 0.738539 0.295187 0.0526406 0.121958
0 0.644492 0.33775 0.0535156 0.0575833
