0 0.497242 0.634927 0.170359 0.398521
0 0.149891 0.2655 0.06625 0.13825
0 0.448734 0.213938 0.072625 0.162375
0 0.621305 0.2545 0.0633906 0.124542
0 0.672008 0.19625 0.0540469 0.09875
0 0.492531 0.254844 0.0625938 0.139562
0 0.524461 0.243469 0.0420781 0.145313
0 0.674656 0.259 0.0531875 0.119292
0 0.717102 0.250677 0.0442656 0.124937
0 0.789266 0.210437 0.0504062 0.111167
0 0.899227 0.229521 0.0402031 0.165625
0 0.937227 0.238031 0.0483281 0.156021
0 0.270492 0.259531 0.0574844 0.141396
