6 6.0 6.0 6.0 6.0
0 0.0889141 0.486021 0.0184844 0.104083
0 0.178117 0.480198 0.0328594 0.117896
0 0.202242 0.476292 0.0328281 0.108
0 0.228398 0.481958 0.0283594 0.118333
0 0.0729062 0.484323 0.0247188 0.105146
0 0.0416406 0.482135 0.021375 0.100896
0 0.919438 0.481531 0.0373125 0.124562
0 0.111539 0.486667 0.0250469 0.0982917
0 0.954273 0.47901 0.0322969 0.130021
0 0.418906 0.373906 0.0975312 0.127562
0 0.0126172 0.486083 0.0252344 0.08325
0 0.0550859 0.484573 0.0215156 0.106354
0 0.646555 0.380156 0.0975156 0.132271
