2 0.694594 0.824615 0.220031 0.265521
4 4.0 4.0 4.0 4.0
0 0.334656 0.748469 0.0366875 0.0861042
0 0.831875 0.753083 0.0470938 0.080375
0 0.857359 0.768271 0.0326875 0.0735417
0 0.920859 0.776208 0.0244375 0.061375
3 0.327672 0.838104 0.0663125 0.120417
0 0.949016 0.759292 0.0478125 0.10675
0 0.881414 0.758385 0.0283906 0.0854375
0 0.989648 0.770365 0.0199844 0.0920208
0 0.802977 0.755708 0.0222656 0.0845417
0 0.237859 0.782729 0.0343125 0.101542
0 0.978156 0.77251 0.0211875 0.0759792
0 0.154242 0.871208 0.156516 0.257583
0 0.814984 0.768823 0.026125 0.0456875
6 6.0 6.0 6.0 6.0
