0 0.633922 0.203923 0.0353125 0.0774005
0 0.499055 0.875199 0.0427031 0.128009
0 0.511531 0.0993326 0.0242188 0.0802108
0 0.691562 0.102553 0.0235 0.0758782
0 0.162227 0.334918 0.0355469 0.0728806
0 0.0418594 0.0920843 0.03725 0.0616862
0 0.969258 0.194836 0.0400469 0.0509836
0 0.171414 0.533677 0.0483281 0.0760187
0 0.101359 0.549988 0.0273125 0.0978689
0 0.242039 0.0773888 0.0250781 0.0957143
0 0.966742 0.0817096 0.0261094 0.0322717
0 0.178867 0.227705 0.0390781 0.0839813
0 0.0290781 0.124204 0.0318437 0.0590398
