0 0.979469 0.680181 0.0323437 0.106583
0 0.510672 0.662208 0.012375 0.0530278
0 0.533461 0.644472 0.00998438 0.0299444
2 0.47043 0.683736 0.0727344 0.0843056
2 0.968687 0.801778 0.057125 0.210111
2 0.24807 0.656083 0.0477969 0.0712778
2 0.0793828 0.809097 0.158766 0.381806
2 0.135102 0.688972 0.0921094 0.120444
6 6.0 6.0 6.0 6.0
0 0.531734 0.677958 0.0110312 0.0348611
2 0.596914 0.703528 0.111172 0.122333
2 0.797383 0.708569 0.137422 0.159528
2 0.322086 0.662528 0.0441406 0.0570556
2 0.293977 0.649028 0.0313281 0.0596667
2 0.147719 0.813722 0.077 0.234611
2 0.724305 0.688889 0.0569531 0.108667
2 0.353242 0.627431 0.0160469 0.0260833
2 0.427055 0.666903 0.0530781 0.0806389
