0 0.28125 0.12275 0.0388437 0.0990833
0 0.244641 0.348719 0.0842187 0.139396
0 0.757586 0.544948 0.183703 0.316854
0 0.597477 0.468542 0.0657344 0.276417
0 0.325797 0.556729 0.0749375 0.319958
0 0.964047 0.480906 0.0674063 0.319104
0 0.851219 0.280219 0.0537188 0.179229
0 0.248594 0.522479 0.0792188 0.298875
0 0.168539 0.575281 0.114609 0.341562
0 0.129367 0.481792 0.0942969 0.286167
0 0.494625 0.121656 0.0388437 0.0593125
0 0.805109 0.0395313 0.0431875 0.0788542
0 0.020875 0.122437 0.0336562 0.101708
