0 0.122635 0.501961 0.245269 0.996078
0 0.101909 0.437437 0.132155 0.154031
0 0.264941 0.34468 0.152693 0.303141
0 0.390258 0.296047 0.174005 0.336125
0 0.484813 0.283891 0.128735 0.400844
0 0.52904 0.277391 0.261546 0.370344
0 0.62582 0.473555 0.310703 0.218422
0 0.944602 0.467141 0.110796 0.372469
0 0.790785 0.308289 0.260445 0.181391
0 0.742166 0.228883 0.211499 0.309359
0 0.806557 0.447359 0.199157 0.287
2 0.274321 0.198516 0.126628 0.09525
2 0.928934 0.191383 0.142131 0.195703
2 0.851475 0.181797 0.030726 0.0470938
0 0.67911 0.141555 0.0848244 0.0984219
