2 0.0739062 0.578172 0.147812 0.0998305
5 5.0 5.0 5.0 5.0
0 0.538742 0.560799 0.0207656 0.109104
0 0.527086 0.554031 0.0227969 0.108402
0 0.301844 0.566041 0.019125 0.104237
0 0.291711 0.537978 0.0132969 0.0442373
0 0.266133 0.565496 0.0146719 0.0908959
0 0.509219 0.553039 0.0264062 0.1023
2 0.676719 0.5254 0.0504375 0.0430508
0 0.285266 0.563402 0.0203125 0.101864
0 0.27225 0.573535 0.0104063 0.0733172
0 0.471617 0.543462 0.0143281 0.068523
2 0.830969 0.523426 0.0565312 0.0496126
2 0.00674219 0.553874 0.0134844 0.017724
6 6.0 6.0 6.0 6.0
6 6.0 6.0 6.0 6.0
2 0.619313 0.536852 0.103844 0.101985
