1 0.629492 0.751898 0.0276406 0.0903704
1 0.168859 0.777153 0.0275938 0.135602
0 0.424805 0.554074 0.0107344 0.0618519
1 0.543953 0.829907 0.0337812 0.215
6 0.74725 0.512847 0.0545625 0.0681019
1 0.511688 0.805301 0.0333125 0.184306
1 0.212914 0.79 0.0367969 0.116204
1 0.519156 0.858148 0.015 0.128611
1 0.349078 0.7275 0.0532188 0.123981
1 0.188891 0.789213 0.0223438 0.0928704
1 0.148031 0.766134 0.0214375 0.0980093
1 0.48568 0.829653 0.0167969 0.10088
1 0.461383 0.785671 0.0324844 0.102546
1 0.567727 0.809398 0.0219219 0.161944
2 0.757703 0.555347 0.0311563 0.0488426
6 0.973977 0.595116 0.0520469 0.0740278
6 0.798578 0.500718 0.033375 0.0364352
1 0.491508 0.736134 0.0332031 0.110787
6 0.770547 0.570046 0.0531563 0.0737963
6 0.880773 0.551273 0.0409844 0.0624537
