2 0.752516 0.837278 0.494969 0.325444
0 0.119016 0.649236 0.097875 0.468861
0 0.462234 0.612181 0.0954688 0.429917
0 0.589 0.572819 0.0459688 0.358583
0 0.680141 0.593444 0.0621563 0.234667
0 0.76282 0.531347 0.0489844 0.303972
0 0.623805 0.538944 0.0568906 0.364056
0 0.509336 0.409097 0.0187344 0.101083
0 0.183516 0.607014 0.0469375 0.234694
0 0.396461 0.582333 0.0577656 0.359444
0 0.866719 0.624792 0.078375 0.100417
0 0.702773 0.611681 0.0163594 0.158139
6 6.0 6.0 6.0 6.0
0 0.478141 0.367083 0.0339062 0.1255
0 0.579609 0.409764 0.0345 0.121639
