2 0.649078 0.640878 0.0732812 0.127939
2 0.0660703 0.567951 0.130516 0.167799
2 0.280258 0.516241 0.109203 0.112998
2 0.894523 0.486347 0.160484 0.0764403
2 0.446672 0.509555 0.0375625 0.0584543
0 0.575742 0.586194 0.0869219 0.41356
0 0.41082 0.592073 0.0665781 0.315948
0 0.213109 0.604063 0.0581875 0.309204
0 0.155875 0.594778 0.06775 0.306417
2 0.855656 0.718197 0.205063 0.104824
2 0.256047 0.461651 0.0773438 0.0523888
2 0.442922 0.479977 0.0333125 0.0251991
2 0.13775 0.471464 0.100719 0.0433021
0 0.727539 0.622588 0.0759844 0.346253
2 0.0785703 0.482635 0.0960469 0.0320609
2 0.314523 0.487061 0.0474219 0.0794614
0 0.368453 0.584415 0.0644062 0.338806
2 0.027625 0.480082 0.05525 0.0706557
