0 0.715021 0.175437 0.341042 0.3235
0 0.549823 0.193133 0.112479 0.142422
0 0.480563 0.171477 0.0545 0.0562031
0 0.356563 0.154367 0.269667 0.166297
0 0.0563438 0.14532 0.112688 0.117047
0 0.870146 0.154812 0.0379167 0.0562813
0 0.214906 0.171289 0.135813 0.0763906
0 0.175302 0.173945 0.0662292 0.0481719
0 0.823615 0.116516 0.0477708 0.0361563
0 0.968719 0.147141 0.0620208 0.183094
0 0.921688 0.144875 0.0809167 0.09525
0 0.101573 0.166523 0.0716042 0.0932344
0 0.126542 0.180188 0.0518333 0.0659375
