0 0.268742 0.510264 0.0308594 0.22066
0 0.514359 0.61132 0.064625 0.258086
0 0.657672 0.619521 0.0460938 0.243795
0 0.782508 0.611304 0.0449219 0.215215
0 0.0776641 0.531452 0.106391 0.510099
0 0.229922 0.633135 0.0558125 0.243234
0 0.461734 0.632574 0.0489375 0.240462
0 0.35532 0.631469 0.0612344 0.228152
0 0.389102 0.611089 0.0425156 0.278416
0 0.423937 0.61736 0.0484375 0.256502
0 0.544352 0.608102 0.0309219 0.252244
0 0.576102 0.612921 0.0393594 0.271914
0 0.618289 0.617904 0.0454844 0.25198
