0 0.841797 0.883575 0.0828438 0.226916
0 0.952219 0.866706 0.0801875 0.265841
0 0.888555 0.963446 0.0358906 0.0729673
0 0.0966406 0.884463 0.052375 0.185421
0 0.345 0.85125 0.0157188 0.0628271
0 0.164914 0.855584 0.0133594 0.0492523
0 0.231242 0.860993 0.0293281 0.0800701
0 0.414461 0.840058 0.0161406 0.0690421
0 0.197234 0.854801 0.0185 0.0764252
0 0.0149375 0.890783 0.026875 0.183294
0 0.283219 0.847348 0.015375 0.0706776
0 0.5825 0.844287 0.0146563 0.0518458
0 0.304695 0.85653 0.0119531 0.0545561
