6 6.0 6.0 6.0 6.0
6 6.0 6.0 6.0 6.0
0 0.0547813 0.735583 0.102813 0.496625
0 0.442094 0.567729 0.0119375 0.0596667
0 0.481125 0.583708 0.0116562 0.0693333
0 0.501055 0.587062 0.0322969 0.100833
0 0.368984 0.566771 0.0135625 0.0607083
0 0.462422 0.582396 0.0136875 0.0676667
0 0.583055 0.607052 0.0295156 0.126521
0 0.529148 0.58699 0.0258281 0.115771
0 0.655789 0.585854 0.0240469 0.0938333
0 0.639492 0.584583 0.0192031 0.0995
0 0.609859 0.607667 0.0373437 0.140958
0 0.554273 0.589323 0.0271094 0.122229
6 6.0 6.0 6.0 6.0
0 0.471891 0.559031 0.00734375 0.0244375
