0 0.570336 0.42601 0.0748281 0.219104
0 0.827961 0.545438 0.0823906 0.178917
0 0.201828 0.502969 0.0694687 0.210062
0 0.237844 0.480344 0.0565937 0.185438
0 0.153891 0.404167 0.0495937 0.190083
0 0.06375 0.399021 0.060375 0.212042
0 0.0177109 0.40075 0.0354219 0.1895
0 0.145898 0.51675 0.0633281 0.187625
0 0.335352 0.218833 0.0205469 0.074375
0 0.426297 0.207479 0.0213438 0.066625
6 6.0 6.0 6.0 6.0
0 0.526477 0.185646 0.0205469 0.0655
0 0.356102 0.190927 0.0217969 0.0663958
0 0.345945 0.191146 0.0183281 0.0547917
