0 0.17075 0.822547 0.072625 0.271761
0 0.253445 0.830352 0.0597344 0.239906
0 0.46743 0.840458 0.0702969 0.292136
0 0.794609 0.877523 0.17075 0.243028
0 0.721461 0.799977 0.0457344 0.18277
0 0.892789 0.878744 0.102859 0.242512
0 0.661867 0.800575 0.0451094 0.164765
0 0.623633 0.800399 0.0332031 0.150845
0 0.538273 0.784061 0.0328906 0.169014
0 0.37793 0.780258 0.0411406 0.139718
0 0.105086 0.714671 0.0127031 0.0377934
0 0.116742 0.732054 0.0218281 0.0702582
0 0.165633 0.727207 0.0342344 0.0693427
