0 0.868844 0.761792 0.160438 0.453934
0 0.949922 0.687541 0.100156 0.385246
0 0.755297 0.67719 0.056125 0.217143
0 0.6585 0.714801 0.051875 0.185667
0 0.584945 0.662002 0.0304531 0.0574005
0 0.558977 0.657412 0.0402344 0.0920141
0 0.521633 0.666838 0.0337969 0.0859953
0 0.461266 0.675492 0.016375 0.0315457
0 0.344602 0.716323 0.0443906 0.271382
0 0.147172 0.660457 0.0389062 0.0789461
0 0.427219 0.715761 0.0537813 0.221405
0 0.231453 0.707295 0.0369063 0.162365
0 0.787641 0.653712 0.0170625 0.085363
