2 0.0926875 0.495052 0.044625 0.0479375
2 0.197883 0.428052 0.0229844 0.0232292
2 0.150969 0.466417 0.0173437 0.0344167
2 0.149906 0.455115 0.0326875 0.0356042
2 0.101625 0.475458 0.03675 0.0535417
4 4.0 4.0 4.0 4.0
4 4.0 4.0 4.0 4.0
4 4.0 4.0 4.0 4.0
0 0.806375 0.739865 0.0602812 0.199646
0 0.454812 0.415521 0.0189375 0.0346667
0 0.549703 0.462812 0.0155625 0.0276667
0 0.530961 0.463469 0.0158281 0.0259792
0 0.546617 0.518771 0.0142031 0.0274583
0 0.465359 0.532229 0.0189375 0.0294583
0 0.414148 0.517896 0.0242344 0.0494167
0 0.679602 0.535219 0.0270156 0.0486875
0 0.31025 0.510687 0.017625 0.0448333
0 0.508773 0.540531 0.0173906 0.0306458
2 0.173289 0.473094 0.0422031 0.0534375
0 0.432344 0.41376 0.00884375 0.0290625
0 0.564531 0.520021 0.0168437 0.0267083
