0 0.816094 0.594097 0.0406562 0.284861
0 0.872484 0.700389 0.0604375 0.139778
0 0.928148 0.566583 0.0412969 0.147333
0 0.366039 0.488556 0.0203281 0.0722778
0 0.237734 0.483944 0.0263125 0.0532778
0 0.303219 0.480653 0.0332812 0.0579722
0 0.881109 0.174486 0.010625 0.0313056
0 0.834406 0.168861 0.0177187 0.0317222
0 0.873875 0.166736 0.0177813 0.0481389
0 0.367727 0.108083 0.0105469 0.0421667
0 0.358836 0.109847 0.00817188 0.0329167
0 0.933883 0.688014 0.0534219 0.298472
0 0.894891 0.175625 0.0205938 0.0341944
