2 0.0950078 0.616927 0.190016 0.215104
4 4.0 4.0 4.0 4.0
0 0.95357 0.624865 0.0928594 0.250479
0 0.296875 0.427552 0.0437188 0.0643125
0 0.0389766 0.558552 0.0172656 0.0592708
0 0.016375 0.555333 0.028625 0.0812083
6 6.0 6.0 6.0 6.0
0 0.883891 0.37801 0.0184687 0.0244375
0 0.0533672 0.549875 0.0173906 0.0604583
0 0.83507 0.385187 0.0111406 0.0125
0 0.946141 0.380604 0.0194375 0.0180833
2 0.0589063 0.517271 0.0477812 0.0263333
4 4.0 4.0 4.0 4.0
0 0.152414 0.535792 0.0306406 0.0625
0 0.797766 0.380271 0.02375 0.0274583
