3 0.457445 0.897459 0.299703 0.199859
3 0.389359 0.850035 0.30225 0.2556
3 0.420633 0.730882 0.197953 0.118988
3 0.389609 0.625576 0.223687 0.230824
3 0.450766 0.649094 0.17775 0.155882
3 0.474086 0.607941 0.163422 0.148118
3 0.487656 0.554847 0.1315 0.0684235
3 0.485625 0.472894 0.112469 0.0448941
0 0.693914 0.476035 0.0507344 0.211224
0 0.618445 0.564188 0.0613281 0.180188
0 0.230766 0.896259 0.12925 0.207482
0 0.594727 0.739706 0.0833281 0.301953
0 0.831227 0.8462 0.125047 0.3076
0 0.791117 0.754588 0.0805469 0.218353
0 0.75143 0.791576 0.0848281 0.416847
0 0.110078 0.896459 0.136719 0.207082
0 0.817422 0.632506 0.0863437 0.172635
0 0.025375 0.905624 0.04775 0.161788
0 0.564398 0.353435 0.0151406 0.0464941
0 0.947344 0.803706 0.105313 0.392118
3 0.483563 0.506918 0.125719 0.0631059
0 0.690719 0.362635 0.0218438 0.0268235
