0 0.162719 0.411124 0.0136875 0.0333406
0 0.722828 0.521507 0.0663438 0.236725
0 0.751086 0.689192 0.122484 0.281528
0 0.816938 0.584279 0.115781 0.4
0 0.579 0.614891 0.0501875 0.220917
0 0.308891 0.559836 0.0595 0.240633
0 0.0723672 0.423592 0.0546719 0.101114
0 0.175805 0.462424 0.0548281 0.114105
0 0.138383 0.549181 0.0564219 0.242904
0 0.543555 0.447183 0.0514531 0.0584279
0 0.910437 0.610229 0.0906563 0.370022
0 0.749656 0.553974 0.0465313 0.129083
0 0.451852 0.625524 0.0616406 0.144541
