0 0.197906 0.631464 0.203906 0.71459
0 0.0809609 0.658419 0.155922 0.660679
0 0.339844 0.437377 0.103313 0.237752
0 0.406539 0.678255 0.155359 0.643489
0 0.5405 0.758419 0.145437 0.456183
0 0.667758 0.781241 0.158891 0.437518
0 0.80543 0.792342 0.174141 0.415316
0 0.315922 0.673735 0.152906 0.652529
0 0.838109 0.542693 0.125937 0.370773
0 0.62 0.521721 0.1165 0.353326
0 0.692211 0.415094 0.0744844 0.179415
0 0.923562 0.698876 0.125937 0.579766
0 0.732516 0.614297 0.0766875 0.256042
