0 0.0960625 0.529222 0.192125 0.910111
0 0.224542 0.460958 0.126208 0.265194
0 0.273375 0.564514 0.414583 0.369139
0 0.337187 0.359694 0.067625 0.1525
0 0.475333 0.413056 0.0864167 0.237611
0 0.180375 0.267556 0.0687917 0.176722
0 0.706958 0.467306 0.0687917 0.136556
0 0.568448 0.438472 0.105687 0.204889
0 0.463448 0.444361 0.185021 0.283667
0 0.618698 0.472653 0.0384792 0.186028
0 0.332604 0.5025 0.0900833 0.143278
0 0.139208 0.362778 0.0569583 0.0765
0 0.380875 0.344736 0.0457083 0.0966944
