0 0.57818 0.483844 0.0616406 0.165688
0 0.155164 0.362219 0.0336094 0.169646
0 0.376797 0.194104 0.0273438 0.0507083
0 0.402562 0.195844 0.0260937 0.0441875
0 0.420117 0.172802 0.0395156 0.0558125
0 0.66557 0.17926 0.0270469 0.0672292
0 0.304391 0.196344 0.0234688 0.0409375
0 0.860883 0.194344 0.0427344 0.112062
0 0.768234 0.178365 0.0607188 0.0698125
0 0.746281 0.16624 0.03725 0.0970625
0 0.748062 0.10799 0.0252812 0.0489792
0 0.817187 0.19925 0.0303438 0.105917
0 0.296297 0.969687 0.0525937 0.060625
