0 0.29718 0.597927 0.131516 0.231729
0 0.542055 0.564427 0.134172 0.313896
0 0.414531 0.532917 0.06825 0.132292
0 0.664344 0.536281 0.0701563 0.137521
0 0.711406 0.46876 0.0719687 0.0954792
0 0.746836 0.337302 0.0711094 0.0822708
0 0.550437 0.384313 0.0598125 0.0718333
0 0.208922 0.530844 0.0895625 0.343062
0 0.545359 0.856865 0.0975625 0.286271
0 0.471016 0.532948 0.0615 0.137479
0 0.59532 0.535208 0.0831094 0.136042
0 0.631773 0.463729 0.0630781 0.109583
0 0.668391 0.298563 0.0623125 0.0649167
