0 0.864117 0.552815 0.0811406 0.242687
0 0.386219 0.402255 0.297563 0.638201
0 0.971586 0.481379 0.0568281 0.241028
0 0.84543 0.384416 0.0806719 0.115467
0 0.802734 0.299778 0.0314375 0.0522196
0 0.93775 0.478657 0.102188 0.256192
0 0.047 0.394509 0.094 0.378505
0 0.112305 0.376262 0.0616406 0.16257
0 0.07275 0.384509 0.0628438 0.174252
0 0.459937 0.268119 0.0229062 0.090771
0 0.249828 0.39153 0.0778125 0.308715
0 0.574422 0.415584 0.0856563 0.317196
0 0.785164 0.276121 0.0306094 0.0752804
