0 0.285945 0.313551 0.0711094 0.409905
0 0.350391 0.463219 0.163219 0.372185
0 0.877898 0.524786 0.154734 0.194941
0 0.609563 0.342696 0.104031 0.398171
0 0.858547 0.324727 0.191562 0.453539
0 0.172219 0.32323 0.0783438 0.444941
0 0.373711 0.213385 0.100266 0.158266
0 0.494141 0.336651 0.102188 0.393492
0 0.440102 0.185523 0.0283281 0.0920428
0 0.567172 0.210083 0.0397188 0.0686698
0 0.637188 0.186936 0.0314688 0.0765321
0 0.740812 0.247387 0.04975 0.0860333
0 0.0972656 0.329192 0.0987187 0.39848
