0 0.304938 0.681262 0.032375 0.170187
0 0.336156 0.684731 0.0259688 0.160304
0 0.277078 0.67486 0.0425312 0.169206
0 0.212383 0.718166 0.0943594 0.0806308
0 0.160352 0.72472 0.0214844 0.051729
0 0.63643 0.659112 0.0230156 0.101636
0 0.657836 0.657617 0.0258281 0.108832
0 0.713219 0.664731 0.0347187 0.0366121
0 0.935023 0.663306 0.0444844 0.178995
0 0.985445 0.661916 0.0291094 0.172243
0 0.829781 0.696086 0.05725 0.110958
0 0.124102 0.71486 0.0517969 0.08
0 0.401594 0.656028 0.0212812 0.0814953
