1 0.858789 0.616862 0.0164531 0.0414052
4 4.0 4.0 4.0 4.0
4 4.0 4.0 4.0 4.0
5 5.0 5.0 5.0 5.0
0 0.195672 0.626393 0.0552188 0.178126
1 0.795766 0.565199 0.0193437 0.0282904
1 0.827195 0.549098 0.0352031 0.0490164
0 0.589008 0.550222 0.0816094 0.091452
0 0.987609 0.681581 0.0247812 0.223724
1 0.854844 0.551499 0.030125 0.0534426
0 0.417125 0.525925 0.0580937 0.119344
0 0.941969 0.626698 0.0251875 0.147166
1 0.817781 0.616429 0.0516875 0.0385714
1 0.836016 0.616546 0.0312812 0.04363
1 0.886758 0.555293 0.0237969 0.0415457
