0 0.33192 0.869125 0.0623888 0.118969
0 0.873946 0.846813 0.0286885 0.01525
0 0.902108 0.844641 0.0166745 0.00746875
0 0.105995 0.825641 0.0271194 0.034625
0 0.775515 0.833742 0.0228337 0.0364844
0 0.260059 0.812266 0.0112646 0.0244688
0 0.454731 0.813961 0.0222951 0.0337031
0 0.67445 0.812063 0.0155504 0.0263125
0 0.392998 0.812961 0.0116628 0.0296094
0 0.406604 0.811352 0.0189227 0.0388281
0 0.837787 0.834875 0.0175878 0.03475
0 0.921405 0.810281 0.00955504 0.0207813
0 0.730375 0.812656 0.0125059 0.0219375
