0 0.516944 0.494367 0.338628 0.790547
0 0.732505 0.167375 0.0972349 0.0793438
0 0.333919 0.189492 0.128337 0.0850156
0 0.246538 0.197766 0.116944 0.0789688
0 0.314449 0.0891797 0.136133 0.162828
0 0.0811019 0.12907 0.138503 0.150234
0 0.8542 0.0846094 0.0668607 0.0947812
0 0.870447 0.16132 0.135114 0.0776094
0 0.104532 0.206328 0.121372 0.0847187
0 0.800852 0.102937 0.131476 0.127812
0 0.450676 0.136586 0.146881 0.166953
0 0.949137 0.308953 0.101726 0.250469
0 0.846216 0.232242 0.127568 0.0815469
