0 0.536109 0.541448 0.269281 0.454937
0 0.294758 0.594594 0.234797 0.304062
0 0.0793906 0.581073 0.158781 0.398646
0 0.22068 0.0706875 0.0892656 0.141375
0 0.432867 0.06475 0.0674844 0.125208
0 0.739148 0.056625 0.0941094 0.111542
0 0.806766 0.0530313 0.0890312 0.104229
0 0.913344 0.0501354 0.0677188 0.100229
0 0.7435 0.367531 0.0692187 0.0864792
0 0.678898 0.394333 0.0810469 0.081
0 0.976172 0.0464375 0.0476562 0.092875
0 0.503047 0.0614687 0.0781563 0.122937
0 0.158086 0.0746771 0.0902031 0.130562
