0 0.614187 0.795071 0.144219 0.296007
0 0.499328 0.51841 0.058625 0.359576
0 0.309305 0.505406 0.0493281 0.168834
0 0.186734 0.480565 0.054625 0.184311
0 0.127625 0.469011 0.0465313 0.198799
0 0.388437 0.241113 0.0255625 0.0778445
0 0.314219 0.222703 0.0535 0.101166
0 0.750492 0.258852 0.0448906 0.0926148
0 0.90325 0.333322 0.0300312 0.0935689
0 0.819805 0.815742 0.0654844 0.273392
0 0.87857 0.399435 0.0352344 0.124099
0 0.865266 0.772562 0.070625 0.32682
0 0.54175 0.246873 0.039375 0.0784806
