0 0.574839 0.774977 0.160826 0.129109
0 0.327683 0.955695 0.17422 0.0886094
0 0.331411 0.791586 0.117546 0.141453
0 0.894381 0.663219 0.068211 0.0813125
0 0.809736 0.633211 0.0373624 0.0772656
0 0.0856193 0.648164 0.0533486 0.0249531
0 0.258773 0.538648 0.0106193 0.0122969
0 0.2857 0.542156 0.021445 0.0183125
0 0.735573 0.511523 0.0218807 0.0178906
0 0.455826 0.816688 0.116239 0.0949375
0 0.156135 0.590445 0.0354358 0.0212656
0 0.0384862 0.65093 0.0548624 0.0331719
0 0.239874 0.616008 0.0495183 0.0465156
