1 0.165289 0.909684 0.144734 0.142974
2 0.833414 0.753091 0.0338906 0.0247307
2 0.688133 0.766417 0.0804531 0.0377986
2 0.356148 0.757424 0.0427031 0.0283841
2 0.246992 0.75733 0.0473906 0.0261358
2 0.554531 0.766405 0.0721563 0.0412881
2 0.0881406 0.764122 0.0514375 0.0256206
2 0.97675 0.748677 0.041875 0.0225995
2 0.623633 0.767447 0.0314219 0.0366276
0 0.145852 0.844391 0.0553594 0.264567
0 0.40782 0.763794 0.0152969 0.0549415
0 0.805641 0.751265 0.0045 0.0235129
0 0.676187 0.770621 0.011 0.0305152
0 0.632891 0.771241 0.0098125 0.0274005
6 6.0 6.0 6.0 6.0
0 0.81475 0.753911 0.0107188 0.0281967
0 0.394102 0.761487 0.00620313 0.0278454
0 0.21257 0.758396 0.00879687 0.0229742
0 0.990703 0.773782 0.0139687 0.0324824
0 0.120859 0.761979 0.0068125 0.031171
2 0.112781 0.763513 0.030125 0.0225761
2 0.978477 0.75781 0.0115781 0.00672131
6 6.0 6.0 6.0 6.0
0 0.383141 0.760117 0.0117813 0.0318033
0 0.822813 0.75322 0.0058125 0.0107026
0 0.704305 0.765714 0.0129219 0.023466
