3 0.586047 0.793255 0.0681875 0.111179
3 0.401492 0.831627 0.0713594 0.195425
4 4.0 4.0 4.0 4.0
4 4.0 4.0 4.0 4.0
0 0.558492 0.789245 0.0826406 0.283868
0 0.10757 0.68434 0.0837969 0.107123
3 0.835781 0.804634 0.0443438 0.187571
0 0.836688 0.752017 0.0564687 0.221863
0 0.584258 0.580613 0.0162031 0.0478302
0 0.0229453 0.779965 0.0429531 0.265731
3 0.102922 0.796085 0.0902813 0.214717
3 0.0193359 0.840637 0.0350156 0.184104
3 0.781461 0.81566 0.0769219 0.222311
0 0.780852 0.780318 0.0898281 0.286439
2 0.669422 0.773019 0.1455 0.242123
2 0.666203 0.595613 0.102813 0.104151
6 6.0 6.0 6.0 6.0
0 0.468734 0.604399 0.0268125 0.0490802
0 0.405664 0.787818 0.0947031 0.288703
0 0.395125 0.492901 0.018625 0.0374528
2 0.870258 0.660908 0.130609 0.198561
2 0.638484 0.611804 0.0915938 0.0809198
2 0.1995 0.662783 0.150313 0.109528
2 0.0581953 0.758915 0.0891719 0.237689
2 0.433836 0.760566 0.167391 0.234858
2 0.533984 0.630896 0.147656 0.101415
2 0.493375 0.706533 0.111688 0.192689
2 0.823078 0.677618 0.102438 0.126038
2 0.424977 0.619929 0.0753594 0.0609906
6 6.0 6.0 6.0 6.0
6 6.0 6.0 6.0 6.0
6 6.0 6.0 6.0 6.0
6 6.0 6.0 6.0 6.0
6 6.0 6.0 6.0 6.0
2 0.488016 0.579127 0.113844 0.075283
2 0.245578 0.795566 0.279031 0.265991
