0 0.943969 0.806625 0.112062 0.38675
0 0.268258 0.7146 0.0730469 0.27415
0 0.0749453 0.741888 0.0782344 0.348925
0 0.0394141 0.695862 0.0228281 0.180125
0 0.125125 0.603162 0.02425 0.046425
0 0.155477 0.56855 0.0102969 0.03965
0 0.169148 0.548813 0.00767187 0.032925
0 0.175844 0.515062 0.00703125 0.027825
0 0.187148 0.483125 0.00695313 0.02175
0 0.102633 0.6188 0.0167969 0.0365
0 0.191117 0.475875 0.00489063 0.03445
0 0.162602 0.547075 0.00685937 0.0337
0 0.195758 0.462375 0.00479687 0.01775
