2 0.195656 0.665738 0.0676875 0.062623
4 4.0 4.0 4.0 4.0
4 4.0 4.0 4.0 4.0
0 0.114187 0.648806 0.0333125 0.066089
0 0.0424062 0.66856 0.0353125 0.0542155
0 0.0644062 0.707845 0.0332812 0.167447
2 0.261687 0.658946 0.092375 0.0747541
2 0.88093 0.691452 0.238141 0.290539
2 0.248805 0.620176 0.0616406 0.0374473
0 0.0288359 0.637927 0.0173281 0.0672834
0 0.096 0.70411 0.038125 0.139133
0 0.308914 0.649356 0.0127344 0.101382
4 4.0 4.0 4.0 4.0
0 0.283648 0.647646 0.0233594 0.0914988
0 0.789844 0.447529 0.00984375 0.0158548
6 6.0 6.0 6.0 6.0
0 0.951969 0.434567 0.0302187 0.0357845
0 0.896219 0.442822 0.0116875 0.032904
0 0.831031 0.450398 0.0197188 0.0322717
