2 0.339367 0.923232 0.0987969 0.0451674
0 0.441008 0.932218 0.0220781 0.080795
0 0.133789 0.91432 0.0147031 0.0540377
0 0.845414 0.926527 0.0182969 0.069205
0 0.713125 0.950084 0.016125 0.0987866
0 0.476531 0.936872 0.0154687 0.0748745
2 0.210523 0.909027 0.0712344 0.0461297
0 0.0365 0.899351 0.00853125 0.0368619
0 0.873742 0.909414 0.0123906 0.0370293
0 0.422023 0.923033 0.0168906 0.0380335
0 0.970727 0.898086 0.0102969 0.0318201
0 0.910344 0.889864 0.0060625 0.0288912
0 0.934414 0.899519 0.00789063 0.0323849
2 0.576742 0.914079 0.0163906 0.0420084
6 0.252805 0.910408 0.0846406 0.0465063
