2 0.748594 0.922469 0.502812 0.123604
0 0.456594 0.900635 0.0601563 0.198729
0 0.616648 0.843979 0.0897969 0.1285
0 0.694875 0.840688 0.0554063 0.0697083
0 0.338734 0.899365 0.0624375 0.201271
0 0.286898 0.899656 0.0585469 0.196521
0 0.284172 0.799083 0.0291875 0.0737083
0 0.314617 0.808521 0.0304531 0.09525
0 0.861062 0.744177 0.0103125 0.0433542
2 0.913461 0.72575 0.0492969 0.0179167
0 0.338031 0.796906 0.0229687 0.0584375
0 0.326 0.768854 0.012875 0.0238333
0 0.844938 0.745771 0.019 0.042375
0 0.441828 0.826385 0.025 0.0519792
