2 0.287281 0.616097 0.24625 0.349806
2 0.545516 0.532764 0.164844 0.246083
2 0.651039 0.510417 0.0700469 0.169
2 0.416352 0.517625 0.105141 0.115139
2 0.470609 0.472597 0.0554687 0.0908056
2 0.734594 0.478972 0.0463438 0.0515
4 4.0 4.0 4.0 4.0
0 0.872805 0.579069 0.0621406 0.281194
0 0.938578 0.480056 0.0162813 0.106
0 0.920891 0.504667 0.0246875 0.152944
0 0.982594 0.298792 0.0348125 0.173972
1 0.872422 0.625556 0.05775 0.192611
2 0.270047 0.435222 0.111937 0.0271667
4 4.0 4.0 4.0 4.0
0 0.684055 0.464667 0.0175781 0.0617778
4 4.0 4.0 4.0 4.0
4 4.0 4.0 4.0 4.0
