1 0.45299 0.804984 0.2361 0.268156
1 0.65969 0.753969 0.2207 0.20325
3 0.75433 0.706359 0.17402 0.177531
3 0.25174 0.731672 0.10948 0.188594
1 0.07182 0.721812 0.09436 0.163062
1 0.53451 0.753109 0.08714 0.173594
1 0.3666 0.690734 0.04384 0.124781
1 0.18364 0.685875 0.07104 0.14475
1 0.3231 0.733297 0.0568 0.0738437
3 0.14148 0.663234 0.03448 0.0929062
3 0.91815 0.7435 0.1637 0.110813
3 0.85948 0.669 0.06484 0.0820625
0 0.11572 0.617203 0.031 0.120469
3 0.92768 0.683422 0.05072 0.105969
3 0.83725 0.696078 0.02094 0.0267812
