1 0.530156 0.572834 0.043125 0.108665
0 0.528188 0.519087 0.0460313 0.173583
0 0.187609 0.469333 0.0216875 0.039555
0 0.830477 0.482096 0.0108281 0.0320141
6 0.516148 0.486522 0.121078 0.1026
0 0.226023 0.503267 0.0342656 0.1374
2 0.102883 0.511347 0.203203 0.17192
2 0.693977 0.54548 0.214172 0.153068
2 0.453117 0.489274 0.0312656 0.0524122
6 0.613945 0.48377 0.0973281 0.0967681
2 0.79882 0.529778 0.111391 0.111733
2 0.418141 0.485222 0.0484687 0.0560656
2 0.354805 0.492529 0.0242344 0.0547541
2 0.335508 0.478255 0.0319844 0.0428337
2 0.97507 0.514532 0.0498594 0.060726
2 0.663531 0.463443 0.0284063 0.00796253
2 0.317602 0.476768 0.00923437 0.0240749
2 0.307078 0.469836 0.0174375 0.0261358
