0 0.53682 0.59899 0.240859 0.463229
0 0.288883 0.657167 0.166391 0.318875
0 0.107203 0.600229 0.213687 0.428208
0 0.61818 0.297667 0.0770156 0.1565
0 0.903234 0.192854 0.0708125 0.0877917
0 0.656672 0.0610937 0.0785 0.113479
0 0.508625 0.103646 0.0704375 0.10225
0 0.282602 0.1035 0.0572344 0.116417
0 0.743852 0.290823 0.0800469 0.154188
0 0.211 0.0724792 0.0962812 0.134167
0 0.366852 0.105156 0.100672 0.109063
0 0.143336 0.120479 0.0792656 0.0998333
0 0.454539 0.295802 0.0891406 0.205354
