1 0.285633 0.731756 0.568391 0.510726
0 0.337062 0.560656 0.269844 0.773911
0 0.783203 0.344731 0.0574687 0.125761
0 0.907891 0.345398 0.0723437 0.25829
0 0.859977 0.407705 0.0465156 0.290539
0 0.598859 0.407541 0.0523438 0.154098
0 0.636672 0.402822 0.0407187 0.0865808
0 0.836984 0.566838 0.0689375 0.257611
0 0.792289 0.553501 0.0499844 0.225785
0 0.95468 0.462963 0.0906406 0.56541
0 0.939086 0.38671 0.0619531 0.298103
0 0.526289 0.394344 0.0944531 0.324895
0 0.892484 0.54137 0.0644687 0.279321
