2 0.684187 0.808073 0.0477812 0.0245208
6 0.629031 0.805448 0.040625 0.0290625
6 0.35782 0.817187 0.0536406 0.03875
0 0.422437 0.871969 0.0367813 0.122604
0 0.26757 0.823792 0.00573437 0.033875
0 0.243836 0.822896 0.0105469 0.039375
0 0.286492 0.823677 0.0116719 0.0374375
0 0.0413047 0.829729 0.0119531 0.0444583
0 0.0976875 0.823656 0.0127812 0.0400208
0 0.0693516 0.828021 0.0138906 0.0409583
0 0.124695 0.82574 0.0107344 0.0441042
0 0.137477 0.824667 0.0143594 0.0401667
0 0.164266 0.825021 0.0115 0.0394167
0 0.455445 0.876125 0.0374844 0.126167
0 0.300094 0.82475 0.0120313 0.0331667
0 0.187859 0.826219 0.0129688 0.0329792
