2 0.606469 0.728653 0.51425 0.269672
2 0.817766 0.672084 0.105719 0.0909602
6 6.0 6.0 6.0 6.0
0 0.0272031 0.783033 0.0536875 0.433934
0 0.209414 0.670843 0.0231094 0.0912412
0 0.18575 0.669133 0.023375 0.101546
2 0.642937 0.620878 0.0432188 0.045363
2 0.606445 0.612881 0.0345469 0.0427166
6 6.0 6.0 6.0 6.0
0 0.469711 0.621967 0.0131406 0.0256206
0 0.496992 0.631663 0.0179844 0.0306323
0 0.340273 0.654578 0.0109531 0.0570726
0 0.0639297 0.738829 0.0516406 0.220515
0 0.177242 0.621862 0.0181719 0.0320141
2 0.702 0.64192 0.0570625 0.0600468
2 0.665516 0.632881 0.0477812 0.0496956
4 4.0 4.0 4.0 4.0
2 0.449609 0.646827 0.133844 0.112108
0 0.16643 0.67589 0.0197656 0.0864403
0 0.374352 0.651382 0.0142969 0.0646838
