0 0.727031 0.713833 0.038 0.139316
0 0.949594 0.344351 0.0120938 0.0433255
0 0.96775 0.364186 0.0110625 0.0495047
0 0.843289 0.369458 0.0145781 0.0420283
0 0.581633 0.355767 0.00617188 0.0191745
0 0.635687 0.347983 0.0065 0.0128538
0 0.663391 0.363219 0.00775 0.0382783
0 0.506117 0.349139 0.00557812 0.0157311
0 0.943695 0.682594 0.0493594 0.195283
0 0.620945 0.337241 0.00373438 0.0131132
0 0.658758 0.327936 0.0107344 0.0156368
0 0.746109 0.336568 0.00521875 0.011816
0 0.394813 0.74013 0.0760938 0.08875
