0 0.186625 0.502136 0.138937 0.326056
0 0.372016 0.560493 0.219969 0.239671
0 0.554938 0.428838 0.215406 0.395516
0 0.420969 0.0631338 0.10025 0.126268
0 0.376367 0.102289 0.0517656 0.0639671
0 0.0380625 0.0329343 0.074875 0.0606573
0 0.901828 0.0468545 0.068 0.0923005
0 0.201648 0.132664 0.0585469 0.0706808
0 0.116758 0.0872066 0.0833594 0.174413
0 0.176141 0.0265728 0.071125 0.0531455
0 0.253539 0.0483216 0.0613281 0.0921362
0 0.28882 0.173955 0.110641 0.3473
0 0.350313 0.0330986 0.047625 0.0643662
