2 0.663305 0.48181 0.0717344 0.0691423
0 0.439422 0.508075 0.0364063 0.141213
0 0.169859 0.521381 0.0282187 0.116904
0 0.228781 0.517542 0.026875 0.119937
0 0.459797 0.507877 0.0289375 0.121778
0 0.651953 0.498138 0.0345312 0.0859414
0 0.637813 0.463264 0.011375 0.0187448
0 0.203367 0.527918 0.0322969 0.101736
0 0.556531 0.516527 0.048125 0.134184
6 6.0 6.0 6.0 6.0
6 6.0 6.0 6.0 6.0
0 0.753148 0.49591 0.0189219 0.0760879
0 0.705742 0.49 0.0133594 0.0706695
4 4.0 4.0 4.0 4.0
0 0.690063 0.469603 0.0187187 0.0304184
