0 0.544212 0.620578 0.193082 0.351187
0 0.440753 0.381961 0.163106 0.110922
0 0.544388 0.272086 0.0771059 0.150078
0 0.811071 0.222102 0.0344235 0.0646406
0 0.501976 0.220398 0.0515765 0.0652344
0 0.1914 0.221305 0.0484 0.0667031
0 0.282824 0.0825078 0.0448941 0.0405156
0 0.609271 0.0820469 0.0408 0.0355
0 0.378165 0.0814531 0.0281882 0.0358438
0 0.414176 0.0818281 0.0345647 0.04
0 0.0194824 0.204805 0.0389647 0.105484
0 0.0555765 0.0801797 0.0362824 0.0400156
0 0.029 0.0839531 0.0293412 0.032125
