0 0.459203 0.661796 0.197437 0.29439
0 0.279133 0.597324 0.158828 0.450423
0 0.220625 0.417969 0.100219 0.310117
0 0.630805 0.566843 0.250203 0.520915
0 0.0694687 0.297113 0.0626562 0.0789671
0 0.0439609 0.268462 0.0455781 0.114437
0 0.0190547 0.301021 0.0372344 0.0670188
0 0.393281 0.22466 0.0404687 0.0944366
0 0.39668 0.285082 0.0709844 0.0905869
0 0.440977 0.272031 0.0597031 0.119601
0 0.624828 0.275739 0.0650937 0.100915
0 0.566562 0.20534 0.0857813 0.162136
0 0.472008 0.23811 0.0670156 0.138005
