0 0.266219 0.905913 0.00871875 0.0503747
0 0.814414 0.87315 0.0105156 0.0315457
0 0.770406 0.876054 0.006375 0.0316393
0 0.863945 0.875316 0.00989063 0.0340515
0 0.34057 0.899707 0.00692187 0.0452225
0 0.367406 0.900422 0.00953125 0.0415925
0 0.153797 0.916288 0.0138125 0.0466276
0 0.710891 0.867728 0.0050625 0.0255738
0 0.990719 0.866593 0.00878125 0.0362763
0 0.959539 0.869988 0.00701563 0.0232553
0 0.882859 0.871499 0.0103125 0.0275878
0 0.873773 0.869321 0.00701563 0.0298361
0 0.756031 0.875304 0.0074375 0.0271897
