0 0.407961 0.771083 0.0238281 0.0952917
0 0.4145 0.697708 0.0135625 0.0634167
0 0.578164 0.754104 0.0205156 0.093
0 0.672398 0.785927 0.0372656 0.119896
0 0.388406 0.754271 0.0255312 0.0653333
0 0.549906 0.766437 0.0311563 0.0979167
0 0.7955 0.76526 0.0288125 0.0744792
0 0.574297 0.672417 0.0137813 0.059125
0 0.721055 0.720427 0.0208281 0.0786042
2 0.576766 0.620688 0.0270312 0.0215417
2 0.606758 0.618865 0.0210156 0.0105208
2 0.522492 0.608823 0.0176719 0.0173542
0 0.558922 0.976885 0.0581562 0.0462292
0 0.501484 0.777177 0.0348437 0.0843542
0 0.899227 0.751385 0.0256094 0.0823542
0 0.823469 0.758323 0.026875 0.0818125
