2 0.0538359 0.622312 0.107672 0.190042
2 0.122781 0.544115 0.0310625 0.0368958
2 0.08575 0.547552 0.0614375 0.0593958
2 0.354102 0.524083 0.0489219 0.0362083
2 0.485773 0.525094 0.0199844 0.0343542
2 0.454883 0.516594 0.0419219 0.0396042
2 0.978359 0.509833 0.0402813 0.0492083
3 0.416289 0.823594 0.508984 0.343813
0 0.30668 0.52649 0.0192031 0.0411458
3 0.399891 0.701396 0.310656 0.215
0 0.419758 0.529292 0.0185156 0.0460417
0 0.446367 0.536094 0.0175781 0.0533542
0 0.268508 0.533438 0.0110781 0.03425
0 0.279797 0.518656 0.0098125 0.0230625
0 0.327203 0.518458 0.00834375 0.02075
2 0.114875 0.519833 0.049375 0.0152917
6 6.0 6.0 6.0 6.0
0 0.226156 0.524781 0.0079375 0.0302292
2 0.386375 0.524604 0.0280313 0.0379167
0 0.232453 0.523573 0.00578125 0.0256875
3 0.312477 0.58701 0.138734 0.108896
3 0.65357 0.919479 0.418828 0.129875
3 0.536273 0.714531 0.188203 0.135604
3 0.358906 0.637625 0.219469 0.18725
3 0.716297 0.877687 0.177281 0.145458
3 0.414031 0.630437 0.165594 0.105167
