2 0.515492 0.548646 0.0260781 0.0192992
0 0.843141 0.541525 0.0315312 0.103087
0 0.885781 0.540881 0.0320625 0.110511
0 0.429594 0.54392 0.018875 0.0634091
0 0.567039 0.54661 0.00857813 0.0331439
0 0.639055 0.544896 0.00851563 0.0242992
6 6.0 6.0 6.0 6.0
0 0.464672 0.54661 0.0166875 0.0590152
0 0.487961 0.546629 0.0104219 0.0378788
0 0.477539 0.546316 0.00945312 0.0399811
0 0.556961 0.548409 0.00760937 0.0317045
0 0.601969 0.545966 0.00853125 0.0237121
0 0.592438 0.5475 0.0044375 0.0243182
0 0.610453 0.547339 0.006375 0.0275568
