0 0.990648 0.639 0.0136719 0.077625
2 0.456297 0.65376 0.0716875 0.0572708
2 0.502258 0.647271 0.0447656 0.0485833
2 0.586266 0.636854 0.0254063 0.0239167
2 0.707883 0.650458 0.0468594 0.050625
2 0.840938 0.646281 0.104188 0.0430208
2 0.785789 0.638052 0.0390781 0.0343958
2 0.640195 0.630375 0.0142031 0.0147083
2 0.669906 0.612833 0.00815625 0.01
2 0.528062 0.6425 0.034 0.0410833
2 0.656906 0.63149 0.0145937 0.0168542
2 0.929531 0.641698 0.0402813 0.0316458
2 0.692086 0.599365 0.00760937 0.00910417
2 0.698719 0.626948 0.0334688 0.0219375
