0 0.846773 0.640865 0.135484 0.576354
0 0.0244375 0.580896 0.048875 0.442708
0 0.454781 0.494385 0.0377188 0.135354
0 0.339 0.482844 0.030375 0.119813
0 0.620109 0.525937 0.0580625 0.232542
0 0.487039 0.500396 0.0348281 0.127333
0 0.303578 0.465365 0.0125625 0.0650208
0 0.367406 0.469708 0.0221562 0.0720833
5 5.0 5.0 5.0 5.0
5 5.0 5.0 5.0 5.0
0 0.421008 0.475437 0.0140781 0.0992917
0 0.550164 0.512927 0.0416719 0.207063
0 0.649133 0.531479 0.0398906 0.177583
0 0.572742 0.537656 0.0661406 0.260021
