0 0.79732 0.560741 0.0874531 0.1236
0 0.402766 0.509576 0.0924062 0.143294
0 0.284695 0.504212 0.0696719 0.134965
0 0.225898 0.498812 0.0376719 0.0587059
0 0.144039 0.479718 0.0389531 0.101459
0 0.12668 0.499576 0.0460469 0.0794353
0 0.450422 0.511318 0.0445625 0.0593882
0 0.539187 0.731424 0.221531 0.315788
0 0.322742 0.516153 0.0318281 0.0608235
0 0.386188 0.398776 0.00975 0.0328941
0 0.601336 0.399576 0.0360781 0.0828235
0 0.257586 0.501318 0.0222656 0.0386353
0 0.350484 0.502741 0.0181562 0.0348
