6 6.0 6.0 6.0 6.0
2 0.842133 0.725844 0.315734 0.386521
2 0.181297 0.309625 0.124188 0.074875
6 6.0 6.0 6.0 6.0
6 6.0 6.0 6.0 6.0
6 6.0 6.0 6.0 6.0
2 0.938383 0.506083 0.123234 0.09625
2 0.88975 0.427292 0.2205 0.141167
2 0.462758 0.326677 0.162766 0.0910625
2 0.25118 0.412729 0.212266 0.143875
2 0.293531 0.334594 0.149531 0.0974375
2 0.339203 0.297417 0.08175 0.0659583
2 0.0685234 0.308635 0.125922 0.108646
2 0.659969 0.45049 0.284031 0.210396
2 0.453484 0.498958 0.295687 0.259958
2 0.600313 0.349542 0.175187 0.0541667
2 0.0845937 0.24124 0.0612812 0.0546875
