0 0.59607 0.49551 0.807859 0.986521
0 0.428937 0.382021 0.200563 0.764042
0 0.167844 0.36074 0.110563 0.559812
0 0.0840313 0.377729 0.0945 0.447333
0 0.920086 0.296104 0.144984 0.492125
0 0.974047 0.473615 0.0519063 0.202854
0 0.371102 0.27626 0.0701719 0.222938
0 0.315953 0.330844 0.0715 0.365812
0 0.134742 0.251135 0.0658281 0.350979
0 0.0220703 0.219021 0.0441406 0.10425
0 0.0257734 0.423792 0.0460781 0.337875
0 0.980227 0.378521 0.0395469 0.146542
0 0.271547 0.36075 0.0626875 0.330542
