0 0.221281 0.613484 0.0336875 0.289338
0 0.0474687 0.582648 0.0387813 0.300697
0 0.152086 0.593537 0.0303594 0.272857
0 0.605094 0.614808 0.0299687 0.267317
0 0.416695 0.623066 0.0515781 0.255958
0 0.449953 0.608101 0.02525 0.272509
0 0.956172 0.607509 0.0375 0.294321
0 0.55093 0.601394 0.0480156 0.280906
0 0.263016 0.60338 0.0302187 0.262927
0 0.325844 0.615697 0.0329062 0.259199
0 0.386891 0.576289 0.0405625 0.302474
0 0.0645156 0.489617 0.0129688 0.0275958
0 0.515469 0.623763 0.0355938 0.260209
