0 0.0633672 0.582342 0.0642344 0.155129
0 0.185164 0.468536 0.0374844 0.123583
0 0.722266 0.538607 0.044375 0.138899
0 0.791703 0.81144 0.0680937 0.134778
0 0.140969 0.470925 0.031875 0.122881
0 0.0823359 0.467272 0.0292031 0.109485
0 0.0563984 0.463747 0.0292969 0.108103
0 0.0229609 0.460468 0.0371719 0.120749
0 0.395039 0.483021 0.0457344 0.137518
0 0.78368 0.546721 0.0533906 0.109321
0 0.116531 0.467412 0.0350312 0.124192
0 0.0955391 0.316956 0.0296719 0.0551756
0 0.671328 0.405023 0.0279375 0.0583372
