0 0.455852 0.826035 0.0630156 0.299318
0 0.818594 0.664412 0.042875 0.101718
0 0.594406 0.808729 0.0797188 0.281035
0 0.669461 0.807682 0.0874531 0.343082
0 0.729594 0.813812 0.0674687 0.266541
0 0.78643 0.816847 0.0686406 0.316847
0 0.959164 0.797294 0.0816719 0.376141
0 0.896633 0.818694 0.0702969 0.3356
0 0.497141 0.812188 0.0566562 0.246071
0 0.839211 0.840753 0.0902969 0.28
0 0.633703 0.638518 0.0489062 0.150447
0 0.741195 0.668788 0.0505781 0.118094
0 0.677602 0.632329 0.0481094 0.0944941
