2 0.444359 0.357729 0.0535625 0.05125
2 0.218445 0.34499 0.0470156 0.0587708
0 0.280141 0.534927 0.130031 0.390937
0 0.144844 0.381927 0.015375 0.0575208
0 0.863609 0.347094 0.0168437 0.0757292
0 0.528297 0.34424 0.0132812 0.0476042
0 0.586461 0.350594 0.0174219 0.0483958
0 0.485555 0.347583 0.0184844 0.064375
0 0.0908438 0.443083 0.0904062 0.320917
0 0.155805 0.367292 0.0104219 0.0515833
0 0.336023 0.39726 0.0762031 0.142313
0 0.907734 0.36074 0.014375 0.0593542
0 0.793828 0.618698 0.224031 0.709104
0 0.0379141 0.347844 0.0106094 0.0385625
