0 0.0401719 0.520032 0.0803438 0.814121
0 0.104406 0.539329 0.114312 0.880895
0 0.201672 0.484712 0.106594 0.844952
0 0.512695 0.333706 0.113203 0.635974
0 0.622094 0.344249 0.130594 0.650479
0 0.731391 0.502236 0.130781 0.973035
0 0.702602 0.152412 0.0248594 0.065016
0 0.844594 0.51516 0.143969 0.898882
0 0.304609 0.262173 0.096625 0.247476
0 0.946203 0.526965 0.107594 0.919105
0 0.337398 0.517971 0.235203 0.941565
0 0.010625 0.462668 0.02125 0.224633
0 0.436344 0.351949 0.151156 0.610415
