2 0.590766 0.466698 0.0802188 0.0415208
2 0.955688 0.42774 0.0367188 0.0365208
0 0.728094 0.578365 0.053125 0.217396
0 0.566086 0.58599 0.0672031 0.136979
0 0.390164 0.557302 0.0623594 0.161812
0 0.11075 0.575729 0.0526563 0.195375
0 0.0212734 0.58675 0.0422969 0.194333
0 0.523969 0.582073 0.0565937 0.141771
0 0.664469 0.560365 0.057125 0.212354
0 0.761797 0.567979 0.0573125 0.1955
0 0.470656 0.596052 0.044375 0.114104
2 0.836695 0.423844 0.0329219 0.0325208
2 0.892039 0.428198 0.0614844 0.0405208
2 0.794383 0.422865 0.0209531 0.0192292
0 0.621883 0.585562 0.0502031 0.136042
