0 0.510648 0.602929 0.210484 0.384162
0 0.183273 0.323565 0.0806094 0.102813
0 0.114812 0.376397 0.127562 0.321349
0 0.86743 0.815732 0.167641 0.323603
0 0.326625 0.305462 0.0386875 0.0449133
0 0.890078 0.470617 0.0837813 0.307746
0 0.719016 0.41026 0.104594 0.247187
0 0.30775 0.339894 0.078875 0.109268
0 0.0452891 0.666175 0.0797344 0.366108
0 0.351406 0.823459 0.20625 0.318516
0 0.230047 0.825385 0.199594 0.321252
0 0.125672 0.806474 0.238375 0.386397
0 0.675164 0.827505 0.191797 0.245838
