0 0.215383 0.691437 0.102422 0.277033
0 0.295133 0.731437 0.123266 0.203107
0 0.797672 0.165853 0.0321562 0.0783879
0 0.775117 0.505199 0.0579844 0.178528
0 0.745156 0.510678 0.0711563 0.170093
0 0.486664 0.662874 0.160078 0.318037
0 0.641953 0.515689 0.04575 0.154883
0 0.564219 0.506238 0.074 0.165514
0 0.487563 0.478843 0.0355625 0.0516589
0 0.0788047 0.55 0.0602031 0.109112
0 0.196445 0.539463 0.0661719 0.123832
0 0.600734 0.507664 0.0436563 0.132196
0 0.244992 0.528306 0.0405469 0.0895561
