1 0.467547 0.73483 0.304969 0.202127
2 0.129438 0.490308 0.0848125 0.0730519
2 0.225156 0.448669 0.04225 0.033961
0 0.763078 0.6728 0.0841875 0.293555
0 0.863117 0.659959 0.0918281 0.327646
6 6.0 6.0 6.0 6.0
6 6.0 6.0 6.0 6.0
2 0.0345391 0.470008 0.0690781 0.100925
2 0.150375 0.447135 0.0468125 0.0597565
4 4.0 4.0 4.0 4.0
0 0.981555 0.505073 0.0364219 0.0662175
0 0.745305 0.490804 0.0377969 0.0569643
2 0.0861172 0.444472 0.0772031 0.0453734
6 6.0 6.0 6.0 6.0
0 0.948836 0.489261 0.0332344 0.0634903
