0 0.46368 0.539417 0.417234 0.921167
0 0.899789 0.543688 0.0964531 0.29125
0 0.791555 0.48451 0.0600156 0.143271
0 0.70943 0.49849 0.0322969 0.144937
0 0.852539 0.312375 0.0108594 0.035
0 0.740711 0.716219 0.106422 0.268021
0 0.776133 0.678646 0.126766 0.23425
0 0.217383 0.415479 0.0180156 0.0620833
0 0.154313 0.375406 0.0159063 0.0384792
0 0.0694766 0.35849 0.00970312 0.0183542
0 0.0475313 0.39849 0.0159375 0.0523958
0 0.131516 0.693677 0.194219 0.612646
4 4.0 4.0 4.0 4.0
0 0.282094 0.50076 0.0822187 0.221938
