2 0.0213672 0.289225 0.0427344 0.0528169
2 0.0504297 0.275998 0.0976406 0.0765493
2 0.0899297 0.268028 0.0702656 0.050892
2 0.140258 0.271256 0.0402031 0.0592723
6 6.0 6.0 6.0 6.0
0 0.476555 0.240293 0.0103594 0.0348122
0 0.457445 0.245587 0.00989063 0.0276995
0 0.441953 0.249272 0.0090625 0.0295305
0 0.426406 0.250399 0.00834375 0.0211737
2 0.219781 0.264484 0.0280625 0.0341784
6 6.0 6.0 6.0 6.0
6 6.0 6.0 6.0 6.0
5 5.0 5.0 5.0 5.0
6 6.0 6.0 6.0 6.0
6 6.0 6.0 6.0 6.0
0 0.449336 0.250317 0.00701563 0.0301174
