0 0.908008 0.289555 0.0211719 0.0803747
0 0.927609 0.362927 0.0370625 0.0985948
0 0.990672 0.463911 0.0186562 0.109555
0 0.0410312 0.432822 0.0430625 0.134028
0 0.0587031 0.374063 0.0238438 0.0577752
0 0.0722734 0.264766 0.0423281 0.120585
0 0.932469 0.422728 0.0284063 0.0991803
0 0.963078 0.345281 0.0426562 0.0994614
0 0.864227 0.215094 0.0434844 0.109063
0 0.967906 0.448454 0.0379063 0.132412
0 0.838703 0.221393 0.033375 0.0951054
0 0.872664 0.260047 0.0425781 0.0907728
0 0.90018 0.346089 0.0239219 0.0645902
