0 0.409898 0.0977813 0.0656719 0.174271
0 0.145195 0.100406 0.0397344 0.155813
0 0.29543 0.116812 0.0491094 0.103833
0 0.354883 0.0887813 0.0410469 0.122396
0 0.43768 0.130719 0.0340156 0.107854
0 0.463203 0.114521 0.0443125 0.162125
0 0.487125 0.0748438 0.037375 0.0876042
0 0.566844 0.1075 0.0324375 0.173583
0 0.609172 0.119792 0.0259375 0.157625
0 0.594961 0.160073 0.0165781 0.0716458
0 0.673375 0.153281 0.00571875 0.0408125
0 0.523508 0.109969 0.0480781 0.144521
0 0.846484 0.118896 0.0242188 0.128375
