0 0.710391 0.296635 0.197188 0.417979
0 0.784547 0.529219 0.355625 0.456188
0 0.562078 0.395135 0.217406 0.382021
0 0.419086 0.359615 0.0735469 0.120229
0 0.354234 0.464563 0.129937 0.2865
0 0.229984 0.423177 0.187 0.337271
0 0.115703 0.388792 0.138906 0.415875
0 0.620375 0.611792 0.376906 0.549792
0 0.272648 0.421917 0.0721406 0.319917
0 0.0634453 0.402917 0.126891 0.426458
0 0.414672 0.467094 0.0476875 0.164313
0 0.897406 0.719479 0.205187 0.420792
0 0.425977 0.286885 0.131328 0.324188
