2 0.868734 0.819212 0.0324062 0.0487765
0 0.608453 0.841776 0.020125 0.103271
0 0.653367 0.812824 0.00648438 0.0176471
0 0.664555 0.883035 0.0414531 0.0848
0 0.574953 0.839518 0.026375 0.105812
0 0.708008 0.859529 0.0418594 0.113459
0 0.482227 0.825624 0.0188594 0.0884235
0 0.472516 0.829835 0.00740625 0.0441412
0 0.456047 0.824565 0.0167187 0.0502118
0 0.361883 0.846976 0.0262969 0.0827529
2 0.645672 0.803788 0.04875 0.0352
2 0.576187 0.797282 0.0627188 0.0245412
6 6.0 6.0 6.0 6.0
6 6.0 6.0 6.0 6.0
0 0.759375 0.853259 0.0185 0.0978588
0 0.286031 0.865376 0.017125 0.0572471
0 0.310617 0.842576 0.0269844 0.103694
6 6.0 6.0 6.0 6.0
0 0.507508 0.831188 0.0133594 0.0776235
