1 0.964367 0.631535 0.0287031 0.0409932
2 0.929344 0.711287 0.141313 0.191016
0 0.465875 0.638104 0.0549375 0.153589
0 0.623711 0.600248 0.0278906 0.0920542
0 0.348195 0.630564 0.0424219 0.165598
0 0.948883 0.597054 0.0424844 0.112167
0 0.5705 0.626682 0.0442188 0.143928
0 0.733703 0.577144 0.0163438 0.0561851
0 0.718273 0.576501 0.0140156 0.0558014
0 0.657687 0.573149 0.0099375 0.0393905
0 0.437477 0.594831 0.0223594 0.0859594
0 0.743453 0.564526 0.0110937 0.0522573
0 0.455008 0.597743 0.0192656 0.076298
0 0.587469 0.600497 0.0172813 0.103883
