1 0.401484 0.528702 0.124281 0.184399
1 0.888266 0.47529 0.0605938 0.149807
2 0.224703 0.36559 0.164406 0.172039
4 4.0 4.0 4.0 4.0
4 4.0 4.0 4.0 4.0
4 4.0 4.0 4.0 4.0
0 0.598102 0.334034 0.133266 0.497768
0 0.89282 0.399861 0.0711094 0.246588
0 0.194812 0.302275 0.0149375 0.054206
2 0.199789 0.292704 0.0384531 0.0432618
4 4.0 4.0 4.0 4.0
0 0.971195 0.321159 0.0211094 0.089485
2 0.15475 0.296727 0.0381563 0.0329828
0 0.222672 0.288798 0.01525 0.0439914
0 0.955656 0.308895 0.0149375 0.0721674
0 0.237922 0.288004 0.019375 0.0545494
