0 0.129344 0.769837 0.088 0.460325
0 0.485719 0.830825 0.0792812 0.32775
0 0.816102 0.823287 0.0158281 0.060225
0 0.605898 0.857475 0.0553281 0.23715
0 0.637641 0.460675 0.20225 0.21125
0 0.296484 0.880075 0.0731563 0.23985
0 0.20168 0.866925 0.0852031 0.2122
0 0.56882 0.839325 0.0561719 0.2809
0 0.225445 0.85425 0.0493594 0.1747
0 0.631289 0.849213 0.0629219 0.270675
0 0.858922 0.845563 0.0341562 0.134975
0 0.0842734 0.767412 0.168547 0.420225
0 0.657461 0.853225 0.0454531 0.21555
