0 0.803419 0.807492 0.337564 0.258734
0 0.424391 0.733703 0.350281 0.424719
0 0.736194 0.605031 0.189204 0.157969
0 0.589391 0.59232 0.11377 0.207359
0 0.495351 0.512937 0.0859719 0.0510625
0 0.938056 0.644039 0.123888 0.124078
0 0.282717 0.611719 0.158876 0.0907188
0 0.594625 0.415508 0.0977752 0.0592969
0 0.758255 0.408422 0.0787588 0.0741875
0 0.741347 0.439109 0.0544496 0.0208125
0 0.847389 0.425 0.0832553 0.0569687
0 0.645609 0.379477 0.0613349 0.0695781
0 0.921136 0.324008 0.0834895 0.0679219
