3 0.320266 0.416281 0.220812 0.331604
6 6.0 6.0 6.0 6.0
0 0.287633 0.277875 0.0415781 0.0782083
0 0.334297 0.281573 0.0334688 0.0876042
0 0.545687 0.405938 0.123031 0.0872917
0 0.853328 0.380979 0.0555625 0.107958
0 0.891938 0.366427 0.0354063 0.119271
0 0.247555 0.292333 0.0160469 0.0891667
0 0.876156 0.506677 0.0559687 0.276646
0 0.93432 0.481354 0.0709531 0.290833
0 0.308867 0.275042 0.0375156 0.0819167
0 0.777273 0.387198 0.0682969 0.119688
0 0.724922 0.390021 0.02125 0.0818333
0 0.78825 0.352167 0.0382188 0.0561667
0 0.972117 0.482792 0.0557656 0.299708
