3 0.681273 0.63874 0.595016 0.722521
3 0.913484 0.44775 0.171906 0.391
3 0.155242 0.236937 0.0421406 0.0325833
3 0.194898 0.232406 0.0420156 0.0344792
3 0.467211 0.218521 0.0290469 0.02925
3 0.545438 0.220979 0.0195312 0.0295
2 0.905148 0.202031 0.0260469 0.00952083
4 0.48093 0.196177 0.207641 0.0966875
6 0.226375 0.212531 0.126406 0.0438125
6 0.426664 0.225417 0.100672 0.0342917
6 0.0517656 0.234073 0.103531 0.0702708
0 0.810242 0.209385 0.00832813 0.0278958
3 0.515562 0.223667 0.0240938 0.0269583
