0 0.572445 0.579965 0.287359 0.437541
0 0.677305 0.339028 0.0396094 0.134215
0 0.635016 0.345667 0.05225 0.0695082
0 0.586609 0.37308 0.0467813 0.10822
0 0.31207 0.44829 0.0543281 0.114754
0 0.529914 0.406347 0.0688281 0.156206
0 0.163055 0.494379 0.0381406 0.0672131
0 0.111805 0.493314 0.0413281 0.0716393
0 0.20093 0.159368 0.0371094 0.0983138
0 0.838664 0.339696 0.0532969 0.109461
0 0.292562 0.171944 0.025625 0.0454333
0 0.344766 0.11274 0.0404375 0.143934
0 0.384672 0.492049 0.0436563 0.0680796
