0 0.38492 0.908376 0.01932 0.0677665
0 0.47859 0.715266 0.01102 0.0520558
2 0.74984 0.761168 0.08896 0.0596447
2 0.62962 0.732589 0.089 0.0668528
2 0.18107 0.686066 0.04906 0.0504061
2 0.8725 0.672132 0.06712 0.0471066
4 0.34799 0.411307 0.04042 0.028401
0 0.80526 0.989086 0.02104 0.0218274
2 0.82556 0.810457 0.08628 0.097868
2 0.94947 0.652284 0.05642 0.0437056
2 0.72622 0.563528 0.04964 0.0320305
2 0.79624 0.549695 0.03668 0.0279695
2 0.8304 0.555355 0.03872 0.0282234
2 0.97388 0.686307 0.05112 0.0621066
2 0.61115 0.564543 0.04694 0.0320812
2 0.55708 0.539556 0.04316 0.0319543
2 0.6422 0.555901 0.03032 0.0297716
