5 5.0 5.0 5.0 5.0
0 0.270781 0.841912 0.0185937 0.0960294
0 0.381781 0.824718 0.053 0.19777
0 0.340273 0.895037 0.0496406 0.157181
0 0.172914 0.919216 0.0496719 0.161569
0 0.242922 0.845135 0.0416875 0.175515
0 0.248641 0.773554 0.0459375 0.120098
0 0.35675 0.856409 0.09075 0.143064
0 0.471594 0.619461 0.0191562 0.0721078
0 0.505727 0.624718 0.0186094 0.0867892
0 0.376516 0.729326 0.018 0.0490441
0 0.516539 0.657561 0.0241406 0.0974755
0 0.487641 0.529338 0.0080625 0.034902
0 0.491273 0.619951 0.0134844 0.0907353
