0 0.176812 0.722396 0.0985313 0.36125
0 0.694078 0.594333 0.0331875 0.0624167
0 0.982977 0.697552 0.0340469 0.199187
0 0.887016 0.646313 0.0267188 0.121125
0 0.858305 0.66551 0.0532344 0.158104
0 0.831461 0.655625 0.0352969 0.172542
0 0.798625 0.666406 0.050625 0.181938
0 0.921969 0.590698 0.00825 0.0145208
0 0.0655859 0.714354 0.110984 0.426
6 6.0 6.0 6.0 6.0
0 0.765562 0.649833 0.02425 0.0704583
0 0.921 0.65874 0.0380937 0.133563
0 0.925164 0.622302 0.0464219 0.0654375
0 0.786383 0.658083 0.00951562 0.0444583
