3 0.485261 0.579175 0.045 0.078317
3 0.325858 0.601846 0.0525327 0.081634
3 0.607631 0.534126 0.0297712 0.0362255
3 0.533693 0.533889 0.0334314 0.0413725
3 0.683521 0.473227 0.00897059 0.0221078
3 0.633211 0.51402 0.0231209 0.0321242
3 0.624592 0.488056 0.017451 0.0210131
6 0.725057 0.495801 0.0557026 0.0562745
6 0.76031 0.422827 0.0302288 0.0280719
6 0.700498 0.40991 0.0205392 0.0175327
3 0.164608 0.679453 0.190588 0.272271
3 0.360801 0.595 0.0199673 0.0353922
2 0.260637 0.565425 0.057549 0.109673
