0 0.0742109 0.76699 0.0304219 0.0961875
0 0.22868 0.764698 0.0190781 0.0595208
0 0.29325 0.780698 0.017125 0.0673125
0 0.357297 0.779177 0.0155 0.0548542
0 0.667758 0.84501 0.0232344 0.0938958
0 0.82068 0.832135 0.0126094 0.0406875
0 0.753617 0.818021 0.0256094 0.0610417
0 0.385625 0.80701 0.0185 0.0496458
0 0.650117 0.842469 0.0159844 0.0841458
0 0.741719 0.810875 0.0115 0.0510833
0 0.792633 0.838 0.0132656 0.0467083
0 0.0462734 0.775771 0.0261406 0.132292
0 0.126773 0.677448 0.00939062 0.0268125
