0 0.485219 0.682431 0.154562 0.538306
0 0.173563 0.768014 0.1875 0.432417
0 0.611391 0.470278 0.072125 0.321778
0 0.74407 0.512875 0.0920469 0.315861
0 0.393117 0.552125 0.0884844 0.301139
0 0.846047 0.264181 0.0826563 0.240194
0 0.696219 0.314278 0.0529063 0.0921667
0 0.980961 0.318861 0.0380781 0.126722
0 0.118867 0.426417 0.0720781 0.254333
0 0.345633 0.408056 0.0581406 0.186444
0 0.661766 0.438319 0.068375 0.252917
0 0.191008 0.311778 0.0712656 0.178056
0 0.698055 0.488417 0.0332969 0.242389
