0 0.707172 0.697708 0.0869062 0.194542
0 0.619781 0.718844 0.106375 0.161396
0 0.455906 0.665896 0.157562 0.226458
0 0.478594 0.488073 0.0523438 0.154771
0 0.264422 0.513469 0.0337812 0.0677708
0 0.552133 0.364646 0.0584219 0.087625
0 0.892664 0.42425 0.0296719 0.0586667
0 0.221266 0.344219 0.03225 0.0690208
0 0.279703 0.349385 0.034375 0.0724792
0 0.618625 0.527656 0.0316875 0.112979
0 0.9695 0.373365 0.0342812 0.0669792
0 0.286305 0.240562 0.0133906 0.0317917
0 0.861195 0.422875 0.0356094 0.0624167
