0 0.862746 0.596406 0.103615 0.137937
0 0.797394 0.593273 0.0926291 0.158141
0 0.746866 0.600328 0.106174 0.159906
0 0.636808 0.584156 0.175352 0.197313
0 0.215188 0.480758 0.090939 0.148734
0 0.208052 0.424047 0.0356338 0.0645
0 0.138369 0.482328 0.120023 0.215219
0 0.122183 0.409187 0.0271831 0.03725
0 0.0487089 0.446086 0.0704225 0.120297
0 0.0935915 0.427617 0.0544131 0.0541719
0 0.707066 0.583102 0.0958216 0.154891
0 0.933146 0.653344 0.133709 0.244813
0 0.58081 0.500867 0.0670188 0.0549219
