0 0.453609 0.15541 0.0585312 0.128386
0 0.630531 0.766892 0.143656 0.279286
0 0.761055 0.767368 0.134672 0.326534
0 0.496469 0.138108 0.0875625 0.241825
0 0.432328 0.691442 0.170281 0.423413
0 0.589664 0.151601 0.0968906 0.232249
0 0.686664 0.159511 0.0652969 0.222037
0 0.805406 0.19668 0.0927813 0.262249
0 0.863102 0.202262 0.0576094 0.245423
0 0.35968 0.138201 0.0663594 0.119101
0 0.321078 0.0923942 0.08775 0.184788
0 0.967203 0.141746 0.0429062 0.0889418
0 0.19507 0.107421 0.0402031 0.154841
