2 0.227493 0.616336 0.131425 0.0661719
2 0.439863 0.613266 0.160384 0.049875
6 6.0 6.0 6.0 6.0
0 0.742384 0.784875 0.308164 0.43025
0 0.257753 0.800242 0.511562 0.399516
0 0.421589 0.797914 0.232658 0.380953
0 0.463466 0.626852 0.0459452 0.0740469
0 0.824603 0.621016 0.0697534 0.049875
0 0.0592192 0.620234 0.0298904 0.0526875
0 0.0239315 0.619773 0.0384932 0.0607969
0 0.0980685 0.620984 0.0371233 0.0592188
0 0.570247 0.690406 0.108932 0.163156
0 0.976849 0.669805 0.0463014 0.124703
0 0.900795 0.621969 0.0580822 0.0480312
6 6.0 6.0 6.0 6.0
0 0.917411 0.687883 0.0966849 0.155453
0 0.544795 0.641227 0.0559452 0.0534219
