0 0.212953 0.515318 0.0575625 0.124188
0 0.240375 0.496694 0.0420625 0.0950353
0 0.284687 0.479047 0.05775 0.0927765
0 0.321398 0.501188 0.0270156 0.0801647
0 0.434531 0.501459 0.0414062 0.0872941
0 0.351055 0.503153 0.0337344 0.0736471
0 0.664414 0.487141 0.0333906 0.0578118
0 0.511562 0.545471 0.0485312 0.143318
0 0.615883 0.467576 0.0356406 0.0552471
0 0.968961 0.437341 0.0399844 0.0475765
0 0.936352 0.430906 0.0356406 0.0568235
0 0.689141 0.479341 0.0235313 0.0556235
0 0.883742 0.429259 0.0382344 0.0713647
