0 0.167828 0.61021 0.0684687 0.161308
0 0.705562 0.549439 0.115719 0.249439
0 0.903641 0.314042 0.0809062 0.117336
0 0.171617 0.370327 0.0517656 0.0800935
0 0.794297 0.541425 0.122531 0.26472
0 0.893828 0.530339 0.0989688 0.246051
0 0.260648 0.334953 0.0736719 0.144112
0 0.589219 0.541706 0.116437 0.260187
0 0.531094 0.341157 0.0598437 0.118014
0 0.538406 0.306974 0.0768438 0.181425
0 0.357672 0.357734 0.0540937 0.101121
0 0.669375 0.318201 0.069875 0.121355
0 0.486898 0.675456 0.281922 0.646051
