0 0.912758 0.609487 0.115078 0.245437
0 0.48925 0.160742 0.0791875 0.162751
0 0.544891 0.175622 0.0528125 0.144913
0 0.603703 0.188177 0.0683438 0.142991
0 0.728336 0.221507 0.0740469 0.133886
0 0.281016 0.126452 0.0755938 0.167009
0 0.541422 0.0951638 0.043125 0.0579258
0 0.0888203 0.0881987 0.0740469 0.153996
0 0.584336 0.128657 0.0344844 0.075786
0 0.962133 0.148352 0.0307031 0.0654803
0 0.979195 0.22583 0.0416094 0.197293
0 0.811367 0.632282 0.156953 0.189934
0 0.640805 0.546539 0.171734 0.278362
