0 0.452445 0.770229 0.0648906 0.225042
0 0.504828 0.798562 0.053375 0.228833
0 0.371 0.722573 0.0203438 0.100979
0 0.407 0.720552 0.0188125 0.0991875
0 0.395461 0.71549 0.0165156 0.0806875
0 0.5715 0.737573 0.0351875 0.129562
0 0.489016 0.71849 0.0319688 0.107021
0 0.626437 0.732833 0.0369063 0.136875
0 0.607148 0.728812 0.0181719 0.105167
0 0.662039 0.727344 0.0309219 0.116146
0 0.717859 0.710521 0.0223125 0.0708333
0 0.601023 0.761458 0.0264531 0.0740417
0 0.728219 0.705125 0.01525 0.076375
