1 0.528281 0.755458 0.0415937 0.186958
2 0.132016 0.688437 0.264031 0.289417
4 4.0 4.0 4.0 4.0
0 0.939625 0.691615 0.110531 0.394562
0 0.524445 0.63174 0.0632344 0.285271
0 0.596547 0.652698 0.0685625 0.270146
0 0.798711 0.607344 0.0396094 0.138479
2 0.735781 0.579885 0.07225 0.0896458
2 0.75907 0.551698 0.0627344 0.102396
0 0.987609 0.633104 0.0247812 0.192917
2 0.63168 0.603583 0.0327344 0.105542
2 0.663906 0.598125 0.075125 0.0935833
2 0.693305 0.583292 0.0708906 0.0769167
4 4.0 4.0 4.0 4.0
0 0.968562 0.549333 0.0210313 0.033625
2 0.615102 0.611802 0.0392344 0.127854
2 0.842352 0.544833 0.0250781 0.0457917
2 0.821969 0.537646 0.018625 0.048
1 0.588047 0.750333 0.0373125 0.141333
