0 0.551148 0.524087 0.0816406 0.408923
0 0.75007 0.32548 0.102766 0.194379
0 0.819828 0.100152 0.072875 0.200304
0 0.755641 0.108993 0.0719687 0.182014
0 0.264625 0.257307 0.0794688 0.110117
0 0.504781 0.131803 0.075375 0.242295
0 0.469203 0.0398126 0.0285313 0.0794379
0 0.615969 0.16808 0.0690625 0.151569
0 0.68757 0.190012 0.0742344 0.20274
0 0.617711 0.257307 0.0689531 0.0966276
0 0.131016 0.575948 0.1075 0.36993
0 0.86657 0.235539 0.0808281 0.242881
0 0.265742 0.572705 0.171328 0.684801
