0 0.432812 0.6255 0.02725 0.0927917
0 0.480555 0.623948 0.0164844 0.0907292
0 0.265672 0.611365 0.0234688 0.0776458
0 0.135586 0.611156 0.0177031 0.0675625
0 0.205461 0.613625 0.0240469 0.0767083
0 0.164266 0.610302 0.0206875 0.0720625
4 4.0 4.0 4.0 4.0
4 4.0 4.0 4.0 4.0
4 4.0 4.0 4.0 4.0
0 0.106266 0.594958 0.00984375 0.038875
0 0.218469 0.606979 0.0117188 0.0474167
0 0.235922 0.614469 0.0213125 0.0754375
0 0.706617 0.592719 0.0137969 0.0456875
0 0.97982 0.598854 0.0127969 0.0532083
0 0.318641 0.609885 0.0170313 0.0606042
4 4.0 4.0 4.0 4.0
4 4.0 4.0 4.0 4.0
4 4.0 4.0 4.0 4.0
4 4.0 4.0 4.0 4.0
4 4.0 4.0 4.0 4.0
4 4.0 4.0 4.0 4.0
4 4.0 4.0 4.0 4.0
4 4.0 4.0 4.0 4.0
4 4.0 4.0 4.0 4.0
0 0.952398 0.60476 0.0120781 0.0384375
