2 0.955047 0.553523 0.0895755 0.134828
6 0.831828 0.505031 0.239033 0.18725
6 0.447653 0.473945 0.107288 0.0315469
0 0.18533 0.580828 0.134104 0.207938
0 0.630672 0.536641 0.0698349 0.101063
0 0.52579 0.5235 0.0554009 0.100437
0 0.448432 0.541742 0.0749764 0.118984
0 0.254458 0.550063 0.0845283 0.159688
0 0.335342 0.51425 0.044033 0.0686875
2 0.918962 0.748117 0.162075 0.335047
2 0.0527005 0.523977 0.105401 0.0605781
0 0.368208 0.531531 0.0430189 0.0956562
6 0.647417 0.50468 0.16342 0.116141
