0 0.703516 0.540273 0.390219 0.529297
0 0.860625 0.497402 0.182125 0.446133
0 0.948031 0.309189 0.103937 0.457441
0 0.394664 0.212256 0.121297 0.22791
0 0.415156 0.378125 0.0889062 0.168945
0 0.387688 0.397041 0.155031 0.216035
0 0.324437 0.36501 0.0326562 0.168066
0 0.486852 0.365898 0.0777656 0.188125
0 0.971906 0.352803 0.0561875 0.373027
0 0.633789 0.300576 0.0316094 0.111348
0 0.740641 0.240186 0.0722812 0.119395
1 0.565031 0.359844 0.135781 0.11293
0 0.753023 0.340957 0.0961094 0.174687
