0 0.385727 0.488224 0.115422 0.511776
0 0.513672 0.635105 0.164844 0.541238
0 0.319383 0.220409 0.131953 0.423762
0 0.0766641 0.720245 0.110891 0.541051
0 0.776602 0.0997547 0.0701406 0.199416
0 0.937438 0.223493 0.0841875 0.15278
0 0.447945 0.472605 0.0650156 0.436519
0 0.151086 0.169498 0.0882344 0.291612
0 0.421938 0.0895327 0.0672188 0.179065
0 0.850594 0.102407 0.0767812 0.204206
0 0.919484 0.0525467 0.0848437 0.104626
0 0.0362813 0.0598598 0.0667813 0.11528
0 0.24432 0.052021 0.0745156 0.102453
