4 4.0 4.0 4.0 4.0
0 0.332008 0.579289 0.0855156 0.261016
0 0.286414 0.526539 0.0416406 0.102484
0 0.466727 0.534906 0.0439844 0.11825
0 0.44418 0.523813 0.0238906 0.113125
2 0.868828 0.505437 0.0532188 0.0591875
0 0.223281 0.514219 0.009625 0.046625
0 0.27168 0.518125 0.0226094 0.0563438
0 0.95243 0.513336 0.0148594 0.0380781
0 0.129109 0.496148 0.0131562 0.0269844
1 0.900234 0.523281 0.0305937 0.0248438
2 0.98493 0.525422 0.0301406 0.0418437
0 0.968305 0.512484 0.0236719 0.04275
0 0.242086 0.517406 0.0191094 0.067375
0 0.207437 0.509703 0.0104688 0.0282813
1 0.241109 0.532656 0.01925 0.0363438
