2 0.582203 0.609695 0.284562 0.175976
4 0.877945 0.484073 0.243422 0.399171
0 0.350156 0.672988 0.069625 0.32939
0 0.607195 0.740207 0.0919844 0.404463
0 0.180508 0.58889 0.0316406 0.139098
0 0.0314219 0.767207 0.0613125 0.463537
0 0.932367 0.70761 0.133047 0.354976
0 0.700867 0.555402 0.0291406 0.100024
0 0.670359 0.550427 0.0138437 0.067878
0 0.391188 0.56761 0.0314063 0.133317
0 0.279156 0.559 0.0388437 0.116488
0 0.254008 0.565122 0.0350156 0.12678
0 0.226039 0.547268 0.0171719 0.0830244
0 0.305672 0.541159 0.019 0.0905122
