0 0.184258 0.658867 0.266141 0.680164
0 0.240445 0.438201 0.108203 0.301121
0 0.380984 0.313516 0.135844 0.360257
0 0.694352 0.613738 0.240984 0.560794
0 0.846258 0.551822 0.0992969 0.459252
0 0.548914 0.370783 0.0882656 0.230397
0 0.653094 0.332442 0.0388437 0.0948832
0 0.465219 0.659124 0.251 0.606238
0 0.128805 0.301857 0.161703 0.530397
0 0.585336 0.317079 0.0497344 0.113598
0 0.912953 0.383143 0.0796562 0.195491
0 0.62082 0.347687 0.0475469 0.158411
0 0.701883 0.29632 0.0387656 0.0569393
