0 0.939731 0.863984 0.120537 0.271344
0 0.701928 0.816797 0.070257 0.121313
0 0.430526 0.761813 0.0870327 0.105906
0 0.41507 0.76382 0.0141589 0.0435469
0 0.285035 0.795813 0.108248 0.247469
0 0.578096 0.774445 0.0232009 0.0434219
0 0.612886 0.774719 0.0301168 0.0485312
0 0.806671 0.775805 0.0092757 0.0173594
0 0.397558 0.760375 0.0214252 0.0547813
0 0.388376 0.784773 0.0429206 0.0425469
0 0.750023 0.789688 0.0265421 0.0301875
0 0.548867 0.771133 0.0246028 0.0442656
0 0.789381 0.782875 0.0167523 0.018125
