0 0.575898 0.329488 0.152797 0.484307
0 0.637805 0.383838 0.373703 0.677313
0 0.867414 0.39 0.142422 0.476247
0 0.442328 0.403156 0.207969 0.56533
0 0.136828 0.372175 0.138281 0.357143
0 0.0580469 0.384275 0.0725 0.360107
0 0.0973437 0.230736 0.0291875 0.0933262
0 0.792055 0.264659 0.0245469 0.0577612
0 0.330219 0.437036 0.233406 0.518507
0 0.923422 0.262399 0.0209063 0.0275693
0 0.352305 0.279179 0.0510156 0.078742
0 0.0229609 0.285864 0.0453281 0.109638
0 0.227219 0.261407 0.0356875 0.0704478
