0 0.521234 0.643903 0.179031 0.553028
0 0.632539 0.154625 0.0381094 0.235528
0 0.669555 0.131611 0.0544844 0.241
0 0.501086 0.129208 0.0469531 0.25525
0 0.457852 0.108722 0.0413594 0.194944
0 0.430047 0.0960833 0.0475 0.182944
0 0.188656 0.137792 0.084125 0.275583
0 0.10407 0.130472 0.0545781 0.239667
0 0.224594 0.168903 0.0390625 0.125194
0 0.318352 0.0850833 0.0362031 0.168222
0 0.974234 0.321347 0.0515312 0.379583
0 0.36532 0.120458 0.0477969 0.240917
0 0.394609 0.137028 0.0420937 0.194278
