0 0.308014 0.529977 0.298458 0.276641
0 0.174813 0.306359 0.0380841 0.0783438
0 0.143446 0.309391 0.0339953 0.076
0 0.204381 0.31975 0.0404907 0.0972187
0 0.329743 0.329047 0.0709346 0.137875
0 0.856857 0.331266 0.0453972 0.0690313
0 0.432558 0.326734 0.0458645 0.0407813
0 0.528785 0.297656 0.056028 0.079625
0 0.680771 0.269242 0.0186449 0.0269219
0 0.376157 0.316609 0.0222664 0.0458438
0 0.240502 0.315758 0.0582944 0.100109
0 0.566332 0.316352 0.0433178 0.0311406
0 0.606811 0.324219 0.0320327 0.07175
