6 6.0 6.0 6.0 6.0
0 0.453463 0.308094 0.297703 0.550625
0 0.280931 0.248734 0.10642 0.224906
0 0.691799 0.248313 0.161248 0.2
0 0.113906 0.264547 0.0633996 0.198563
0 0.181501 0.272383 0.0488608 0.148078
0 0.176293 0.204766 0.0281013 0.072875
0 0.0545298 0.256477 0.10906 0.246859
0 0.858707 0.243414 0.0423327 0.117516
0 0.206058 0.24432 0.0311754 0.129766
0 0.569024 0.198008 0.0171429 0.0185156
0 0.145127 0.256953 0.0460217 0.164
0 0.238246 0.263063 0.0455335 0.158562
2 0.957278 0.199594 0.085443 0.0925625
0 0.155787 0.195477 0.0153707 0.0301094
