0 0.391336 0.394684 0.0472969 0.0774239
0 0.25018 0.495597 0.0947031 0.269789
0 0.133656 0.460047 0.0600625 0.215738
0 0.769984 0.352166 0.0284063 0.0579157
0 0.662891 0.621487 0.133187 0.543911
0 0.804898 0.442623 0.0766094 0.262342
0 0.659805 0.32541 0.0526406 0.141639
0 0.587516 0.371604 0.0433125 0.113934
0 0.307547 0.41226 0.0334062 0.21623
0 0.353031 0.388009 0.0579687 0.17377
0 0.458625 0.380644 0.0505625 0.087096
0 0.590078 0.275597 0.0276563 0.0488993
0 0.623062 0.315293 0.0393125 0.0977049
