2 0.809812 0.522133 0.0755 0.0685469
0 0.753313 0.53075 0.0407917 0.0900625
0 0.723677 0.517437 0.0313125 0.0597188
0 0.674083 0.533375 0.0379167 0.08275
0 0.656344 0.526195 0.0253542 0.0919531
0 0.631135 0.528305 0.0366458 0.0895156
0 0.582562 0.505117 0.0182083 0.0348594
0 0.708635 0.507938 0.0110208 0.0319375
0 0.691656 0.501586 0.0122708 0.0175781
0 0.47526 0.565625 0.0876875 0.230156
0 0.601688 0.525336 0.031625 0.0746406
2 0.754906 0.494258 0.0577292 0.0263594
2 0.586104 0.505156 0.0547083 0.0184062
