0 0.909234 0.787639 0.104406 0.402252
0 0.836484 0.701295 0.06375 0.241622
0 0.604375 0.723814 0.075625 0.269564
0 0.639828 0.714334 0.0183125 0.176174
0 0.572562 0.710726 0.0435 0.235206
0 0.525445 0.747288 0.0592969 0.268959
0 0.418969 0.710714 0.0305625 0.131695
0 0.416289 0.639855 0.0279219 0.0493947
0 0.375172 0.716295 0.0555625 0.219128
0 0.159305 0.701707 0.0347344 0.131162
0 0.0975625 0.729625 0.041375 0.170436
0 0.456797 0.721356 0.0493125 0.188765
0 0.283266 0.716598 0.0590625 0.220169
