2 0.100086 0.243135 0.0587344 0.0801042
0 0.286711 0.581844 0.344734 0.531396
0 0.78118 0.646062 0.278078 0.662917
0 0.391422 0.372573 0.167719 0.279104
0 0.464453 0.250688 0.063875 0.120958
0 0.616273 0.2525 0.0701719 0.156167
6 6.0 6.0 6.0 6.0
0 0.412641 0.320083 0.0639687 0.235292
0 0.435922 0.239208 0.0312812 0.0727917
0 0.78707 0.515427 0.235672 0.448521
0 0.684461 0.254417 0.0843594 0.116
2 0.243617 0.248635 0.125734 0.0918542
2 0.232516 0.202271 0.105344 0.0534583
2 0.40857 0.209125 0.151141 0.105417
0 0.645453 0.395844 0.185344 0.361354
