0 0.917622 0.484025 0.164757 0.3155
0 0.103146 0.541063 0.206292 0.459675
0 0.0422097 0.591287 0.0755056 0.453675
0 0.1047 0.381925 0.126854 0.171
0 0.407266 0.418112 0.0706367 0.128125
0 0.477828 0.406237 0.0517603 0.106625
0 0.515749 0.406188 0.0446067 0.101475
3 0.260918 0.510288 0.153221 0.161375
0 0.576292 0.408963 0.0858427 0.143925
0 0.441273 0.409263 0.0357303 0.095425
0 0.721067 0.377212 0.0478277 0.054925
0 0.334326 0.41805 0.0924719 0.093
0 0.647734 0.375688 0.0603371 0.032075
0 0.407154 0.4351 0.055206 0.1474
