2 0.261508 0.241432 0.0395781 0.0457277
2 0.174727 0.234131 0.0340781 0.0364789
2 0.451758 0.240329 0.0385781 0.0468075
2 0.480898 0.227066 0.0226406 0.0470892
2 0.277586 0.235481 0.0235156 0.0345775
0 0.560922 0.661796 0.251281 0.676408
0 0.384414 0.320974 0.104703 0.341573
0 0.706758 0.543815 0.249797 0.889883
0 0.757523 0.249143 0.0658906 0.141667
0 0.540711 0.27939 0.0618906 0.231737
0 0.229047 0.271056 0.0305 0.124554
0 0.303766 0.272981 0.0192812 0.123052
0 0.324906 0.269319 0.0230312 0.122207
0 0.450086 0.262817 0.0337344 0.0628638
0 0.828086 0.309002 0.0850781 0.26439
0 0.613391 0.218181 0.0220938 0.080446
0 0.0684844 0.30358 0.0315 0.0639202
0 0.0284687 0.302711 0.0359688 0.0637793
