0 0.170227 0.431458 0.144953 0.20225
0 0.0437891 0.357167 0.0467031 0.068875
0 0.0896563 0.348312 0.0315937 0.07
0 0.278234 0.445646 0.111781 0.201958
0 0.228797 0.346656 0.0332188 0.0484792
0 0.502789 0.39525 0.0662969 0.114583
0 0.340852 0.382281 0.0735781 0.113396
0 0.67182 0.522521 0.137422 0.333625
0 0.96625 0.437823 0.065625 0.124187
0 0.739891 0.436521 0.09775 0.19325
0 0.443367 0.38249 0.0572344 0.0892708
0 0.599555 0.365573 0.0253281 0.0458125
0 0.527875 0.359573 0.0235625 0.0395208
