0 0.372102 0.550094 0.298109 0.594682
0 0.536273 0.501447 0.0694531 0.190094
0 0.5885 0.512753 0.0673125 0.167671
0 0.62982 0.510647 0.0608594 0.178094
0 0.135242 0.3908 0.0872656 0.154824
0 0.779438 0.524647 0.078 0.180824
0 0.820383 0.519141 0.0634531 0.166329
0 0.718398 0.552259 0.0412656 0.0993882
0 0.931297 0.530635 0.0607188 0.150682
0 0.898711 0.459741 0.0559531 0.0887529
0 0.270359 0.280988 0.01675 0.0278588
0 0.254437 0.495506 0.126844 0.258447
0 0.0573438 0.553941 0.114688 0.325012
