0 0.498945 0.39009 0.0761719 0.211281
0 0.335484 0.649146 0.1225 0.239551
0 0.250781 0.657483 0.111813 0.239326
0 0.136867 0.80727 0.108422 0.207933
0 0.0541719 0.35464 0.0787188 0.128831
0 0.100562 0.228978 0.06725 0.193461
0 0.242359 0.197022 0.0650625 0.123258
0 0.824109 0.526247 0.0847813 0.214157
0 0.412336 0.180584 0.0409531 0.145438
0 0.370492 0.228213 0.0511406 0.20164
0 0.263633 0.375989 0.0734531 0.228876
0 0.267773 0.140101 0.0622344 0.163348
0 0.595078 0.858438 0.131844 0.194809
