0 0.800165 0.594602 0.399671 0.515766
0 0.160671 0.431594 0.318753 0.394937
0 0.802165 0.250398 0.271718 0.275234
0 0.411541 0.148695 0.224447 0.297391
0 0.635424 0.158281 0.117906 0.225
0 0.652518 0.239172 0.312565 0.351375
0 0.941612 0.268539 0.116776 0.244953
0 0.0915765 0.0889922 0.0848471 0.173266
0 0.0709412 0.201773 0.136235 0.230734
0 0.232365 0.317617 0.342706 0.285016
0 0.167506 0.744945 0.307953 0.496641
0 0.0376941 0.0455859 0.0678588 0.0891094
0 0.178235 0.127086 0.132659 0.0966094
