0 0.326836 0.650748 0.0705156 0.20486
0 0.444555 0.65118 0.0457344 0.166939
0 0.47407 0.642348 0.0180781 0.122827
0 0.513938 0.652243 0.0328125 0.131402
0 0.675461 0.641402 0.0316719 0.10972
0 0.779398 0.627804 0.0114531 0.058972
0 0.729281 0.630701 0.0254688 0.0871028
0 0.59568 0.645152 0.0303906 0.0884813
0 0.807242 0.62611 0.0133594 0.0570794
0 0.658203 0.638528 0.0146875 0.0821963
0 0.773203 0.634953 0.0125938 0.0477103
0 0.768125 0.626507 0.023125 0.0606308
0 0.0381563 0.662208 0.021125 0.0655374
4 0.875414 0.611203 0.0776094 0.0802103
