0 0.53626 0.290078 0.0505208 0.0724063
0 0.336969 0.312133 0.0727708 0.138391
0 0.605042 0.202156 0.04225 0.0266875
0 0.781812 0.179617 0.0382917 0.0369844
0 0.728885 0.168953 0.0386042 0.04575
0 0.339323 0.173328 0.0483958 0.056375
0 0.909292 0.257516 0.0389167 0.023375
0 0.711781 0.768336 0.336188 0.407297
0 0.184552 0.276234 0.0498958 0.0640938
0 0.500427 0.202039 0.0409375 0.0307031
0 0.94826 0.262711 0.0191875 0.0176094
0 0.289615 0.124164 0.0368125 0.0484844
0 0.119479 0.185711 0.0380833 0.0285781
