1 0.0822656 0.65699 0.1 0.230104
1 0.47193 0.563646 0.0451406 0.04325
1 0.31568 0.551625 0.0308281 0.03825
2 0.679836 0.660219 0.346766 0.313979
2 0.92282 0.673875 0.153766 0.245292
2 0.294602 0.549229 0.0434531 0.042625
2 0.180594 0.574427 0.0909688 0.114437
2 0.486437 0.547719 0.062625 0.0463958
0 0.226195 0.598833 0.0441094 0.202917
0 0.898648 0.5625 0.0273594 0.0990417
3 0.0589844 0.559542 0.1045 0.098875
0 0.929703 0.573167 0.0268437 0.094
0 0.919297 0.539365 0.008875 0.0216042
1 0.445164 0.568917 0.0138281 0.0275417
2 0.837594 0.581302 0.0246875 0.0473125
2 0.521555 0.53876 0.0281094 0.0246458
2 0.439406 0.539406 0.0434688 0.0259792
