0 0.818305 0.454947 0.137703 0.433014
0 0.351805 0.349096 0.251078 0.628404
0 0.202992 0.287181 0.0526094 0.152305
0 0.105195 0.306294 0.0382656 0.131809
0 0.0539687 0.289273 0.0254063 0.0856383
0 0.0379453 0.304025 0.0243906 0.091383
0 0.0170469 0.306968 0.0340937 0.151312
0 0.471687 0.320496 0.085375 0.302766
0 0.519023 0.318706 0.0615156 0.216206
0 0.537508 0.272411 0.0465156 0.201915
0 0.646047 0.365727 0.0449688 0.20344
0 0.947734 0.350585 0.104531 0.337979
0 0.699781 0.352784 0.0607812 0.209326
