0 0.883803 0.766445 0.071784 0.0794531
0 0.800751 0.767047 0.048216 0.06475
0 0.0186737 0.718242 0.0373474 0.0753594
0 0.178322 0.604 0.0206338 0.0355938
0 0.630552 0.638586 0.0162207 0.0297031
0 0.836984 0.648359 0.0139202 0.0354063
0 0.866948 0.650227 0.0274178 0.0352656
0 0.127171 0.567453 0.0243427 0.0248438
0 0.864049 0.777047 0.0242488 0.0554063
0 0.341819 0.621148 0.0311972 0.0420781
0 0.0593779 0.744695 0.0434977 0.0907031
0 0.0930164 0.738992 0.04777 0.0897031
0 0.827676 0.621102 0.0162911 0.0276406
