0 0.111258 0.493249 0.142547 0.569818
0 0.223195 0.368209 0.0996094 0.206174
0 0.32875 0.360455 0.128906 0.235162
0 0.440086 0.34746 0.106422 0.213502
0 0.544461 0.364018 0.109422 0.224838
0 0.648914 0.376366 0.125766 0.206377
0 0.749633 0.375 0.0877656 0.223482
0 0.850445 0.527601 0.152266 0.555972
0 0.72318 0.609028 0.133453 0.420567
0 0.620828 0.602794 0.116531 0.42081
0 0.207445 0.598148 0.168516 0.414717
0 0.331805 0.556134 0.124953 0.322308
0 0.432211 0.59247 0.102391 0.442186
