0 0.160492 0.714438 0.131172 0.107625
0 0.323969 0.647854 0.0567187 0.09
0 0.39957 0.626094 0.0416406 0.0731875
0 0.479719 0.627531 0.0521563 0.0526875
0 0.614914 0.593771 0.0441719 0.0435833
0 0.891734 0.546708 0.0193437 0.051375
0 0.285437 0.58224 0.0217188 0.0404375
0 0.670219 0.585354 0.0470938 0.0287083
0 0.308047 0.577781 0.0242812 0.0257708
0 0.147117 0.592042 0.0250781 0.0296667
0 0.226336 0.661677 0.0240156 0.0474792
0 0.742813 0.536312 0.0151562 0.01725
0 0.379977 0.576344 0.0476406 0.0192292
