1 0.470477 0.689833 0.0450781 0.094125
0 0.760578 0.748302 0.177563 0.503396
0 0.400102 0.794208 0.144297 0.409875
0 0.08725 0.765313 0.1745 0.442958
0 0.529977 0.661771 0.0808281 0.156167
0 0.656375 0.653844 0.076 0.143562
0 0.465289 0.622833 0.0492031 0.119583
0 0.430328 0.629906 0.0380937 0.0933125
0 0.269906 0.619542 0.0309375 0.0982917
0 0.305156 0.606125 0.022875 0.083625
0 0.222203 0.619677 0.028 0.0975625
1 0.134922 0.928792 0.204656 0.142417
1 0.742055 0.896469 0.107641 0.183521
1 0.534555 0.83349 0.150828 0.241854
1 0.716781 0.581094 0.0210625 0.0167292
2 0.674102 0.583802 0.0173281 0.0180208
0 0.0383437 0.614073 0.07625 0.119146
0 0.0176875 0.591979 0.035375 0.111125
6 0.811016 0.575969 0.0690937 0.114937
1 0.665063 0.769094 0.04 0.158021
1 0.365352 0.927021 0.0425156 0.13375
