0 0.363391 0.417007 0.0383125 0.120305
0 0.127148 0.467418 0.0717969 0.233709
0 0.599062 0.64831 0.207906 0.680892
0 0.774461 0.401913 0.0158594 0.0593662
0 0.0881094 0.398897 0.0262812 0.0915493
0 0.827461 0.438697 0.0495469 0.139742
0 0.710687 0.397958 0.01425 0.0556338
0 0.491312 0.377277 0.0086875 0.0366197
0 0.311484 0.366819 0.00759375 0.0336854
0 0.766305 0.395434 0.0130156 0.0426995
0 0.190812 0.369683 0.0112812 0.0360798
0 0.884383 0.39115 0.00839063 0.035493
0 0.856547 0.398509 0.0118438 0.0380986
