2 0.962844 0.301719 0.0743125 0.189031
6 6.0 6.0 6.0 6.0
0 0.334836 0.632578 0.238203 0.626969
0 0.698883 0.378648 0.139328 0.312359
0 0.556148 0.364086 0.0952656 0.234734
0 0.486484 0.289547 0.0542188 0.17
0 0.883648 0.329617 0.0646094 0.201266
0 0.742344 0.254656 0.0288438 0.0739062
0 0.616594 0.292945 0.0414375 0.134828
0 0.64418 0.284813 0.0302344 0.099625
0 0.404852 0.238805 0.0317344 0.0587656
0 0.428781 0.290289 0.100219 0.124234
0 0.534836 0.261961 0.0353594 0.0769531
2 0.921891 0.301484 0.0391875 0.14575
0 0.584547 0.260211 0.0326875 0.0527969
