0 0.245211 0.565461 0.0384778 0.0743906
0 0.217131 0.532719 0.0316862 0.064125
0 0.212096 0.727086 0.0413349 0.0850469
0 0.173911 0.701867 0.0450117 0.0662656
0 0.181194 0.758547 0.0619672 0.0875313
0 0.550527 0.458313 0.0253162 0.044375
0 0.829742 0.426844 0.021733 0.0423125
0 0.813372 0.357539 0.00838407 0.0160781
0 0.511066 0.374437 0.0133724 0.0156563
0 0.551756 0.375437 0.0126464 0.0206563
0 0.031089 0.805969 0.062178 0.0889687
0 0.849379 0.427039 0.019555 0.0444219
0 0.800222 0.393422 0.0147775 0.0204688
