5 5.0 5.0 5.0 5.0
5 5.0 5.0 5.0 5.0
0 0.0686719 0.645031 0.0165313 0.0355313
0 0.0727812 0.674031 0.016875 0.0367188
0 0.0741797 0.720984 0.0192656 0.046625
0 0.807305 0.727109 0.0272344 0.04325
0 0.0340625 0.744578 0.018 0.0436563
0 0.64693 0.665023 0.0249531 0.0357031
0 0.0302266 0.793844 0.0170469 0.0139063
0 0.542141 0.627641 0.0129062 0.0433125
0 0.0922187 0.673344 0.0163438 0.0464062
0 0.0495859 0.681906 0.0138594 0.039125
0 0.0289297 0.675797 0.0151406 0.0375625
0 0.0483984 0.733977 0.0112344 0.0392031
5 5.0 5.0 5.0 5.0
0 0.467195 0.586211 0.0110781 0.0157969
