5 5.0 5.0 5.0 5.0
5 5.0 5.0 5.0 5.0
5 5.0 5.0 5.0 5.0
0 0.188078 0.601378 0.026125 0.0808889
0 0.117648 0.6042 0.0190781 0.0767111
0 0.0834766 0.596322 0.0171406 0.0616222
0 0.0946172 0.590478 0.00864063 0.0381111
0 0.123211 0.593489 0.00951562 0.0554222
0 0.144742 0.594956 0.0110781 0.0520889
0 0.0155078 0.6033 0.0137656 0.0596222
0 0.0249844 0.595456 0.0126875 0.0533556
0 0.154063 0.595122 0.0120938 0.0484667
0 0.13807 0.5969 0.00742187 0.0463333
0 0.133539 0.595789 0.00939062 0.0501111
0 0.777039 0.532378 0.0322656 0.0383556
0 0.104195 0.591389 0.0123281 0.0441556
