0 0.301094 0.660796 0.0782812 0.347073
0 0.881586 0.624719 0.0839531 0.31459
0 0.406805 0.516956 0.0391719 0.100094
0 0.477398 0.682799 0.0628594 0.336183
0 0.512289 0.670902 0.0477969 0.33534
0 0.535469 0.63096 0.0432188 0.320375
0 0.590391 0.66555 0.0515625 0.309227
0 0.640289 0.657635 0.0719531 0.325152
0 0.666016 0.513396 0.032125 0.0862763
0 0.363195 0.667049 0.0940469 0.374848
0 0.584023 0.51055 0.0445469 0.0884075
0 0.419859 0.741686 0.0523438 0.308993
0 0.429508 0.586112 0.0652344 0.187963
