0 0.234727 0.60555 0.469453 0.788899
0 0.349297 0.61685 0.543031 0.744379
0 0.68818 0.61685 0.569734 0.743817
0 0.800625 0.330328 0.134937 0.408993
0 0.544273 0.204614 0.126234 0.245012
0 0.232391 0.415726 0.152938 0.453934
0 0.112445 0.561792 0.224891 0.853934
0 0.884586 0.0674122 0.122953 0.134824
0 0.440312 0.248536 0.0955312 0.429532
0 0.0517266 0.314614 0.103453 0.485386
0 0.756477 0.644157 0.487047 0.706487
0 0.621063 0.558841 0.273469 0.560492
0 0.66218 0.212529 0.163016 0.274333
