0 0.664742 0.590802 0.431891 0.79597
0 0.154125 0.840438 0.0862187 0.185616
0 0.376 0.766521 0.0254688 0.0737873
0 0.466219 0.75055 0.0520312 0.150877
0 0.937258 0.638396 0.0516406 0.110187
0 0.855922 0.622938 0.0180312 0.0398321
0 0.833094 0.627229 0.0140625 0.0407276
0 0.793328 0.668358 0.0260312 0.0455597
1 0.0743594 0.850718 0.0459375 0.0355784
0 0.33043 0.777929 0.0281094 0.0559328
0 0.430109 0.757882 0.0223125 0.0666231
0 0.319992 0.755476 0.0145156 0.0225187
0 0.386813 0.73111 0.0209688 0.035541
0 0.302367 0.793778 0.0254844 0.0527052
