4 4.0 4.0 4.0 4.0
4 4.0 4.0 4.0 4.0
4 4.0 4.0 4.0 4.0
4 4.0 4.0 4.0 4.0
0 0.692742 0.724028 0.0378906 0.189087
0 0.49357 0.653267 0.0103281 0.0593677
0 0.487047 0.648103 0.00559375 0.0459953
2 0.107203 0.817974 0.211406 0.337073
2 0.279672 0.721756 0.168781 0.191756
2 0.359445 0.697178 0.0563594 0.124239
4 4.0 4.0 4.0 4.0
0 0.356656 0.627342 0.00884375 0.016089
0 0.472875 0.654262 0.013625 0.068993
2 0.448125 0.668197 0.033125 0.0770023
2 0.524922 0.651288 0.0447188 0.0459485
2 0.402602 0.662166 0.0734844 0.101335
