2 0.116211 0.651088 0.187328 0.167425
2 0.255852 0.607587 0.114141 0.114875
4 4.0 4.0 4.0 4.0
0 0.971594 0.764387 0.0546562 0.394375
0 0.904922 0.757625 0.0599063 0.38735
0 0.877484 0.586763 0.0264375 0.075875
0 0.769813 0.749575 0.121031 0.20455
0 0.821617 0.5897 0.0456719 0.10155
0 0.379094 0.524825 0.0200938 0.08015
0 0.160125 0.552913 0.0144063 0.034975
0 0.843922 0.735287 0.0735313 0.299475
0 0.49857 0.260637 0.0781719 0.071475
0 0.942141 0.574538 0.0404375 0.104725
4 4.0 4.0 4.0 4.0
0 0.847844 0.562363 0.0163125 0.048075
0 0.931938 0.731563 0.0556875 0.381475
0 0.969539 0.548725 0.0241406 0.0466
