0 0.44168 0.533259 0.156484 0.905153
0 0.78318 0.464459 0.0846094 0.428729
0 0.624891 0.431929 0.0387188 0.210165
0 0.693047 0.422682 0.036 0.198118
0 0.116828 0.389918 0.054125 0.235129
0 0.162227 0.391376 0.0511406 0.210376
0 0.221 0.3898 0.04825 0.1972
0 0.271555 0.399118 0.0531406 0.213624
0 0.0349609 0.386118 0.0392969 0.105035
0 0.696852 0.402659 0.0305156 0.182353
0 0.176945 0.329294 0.0266719 0.0702118
0 0.124734 0.416953 0.0991563 0.182706
0 0.250063 0.398424 0.0194062 0.180376
