0 0.389513 0.574784 0.12651 0.539568
0 0.582081 0.59942 0.100671 0.494341
0 0.292819 0.755057 0.20406 0.391023
0 0.742072 0.617045 0.146158 0.638773
0 0.660856 0.580045 0.124899 0.593455
0 0.360965 0.688784 0.139782 0.299614
0 0.146309 0.620614 0.13245 0.616364
0 0.280369 0.477966 0.106174 0.305614
0 0.481107 0.518727 0.102852 0.3865
0 0.846493 0.60817 0.125805 0.577477
0 0.52771 0.384875 0.0788758 0.143295
0 0.32479 0.35842 0.0562248 0.121977
0 0.209639 0.524545 0.0977013 0.435045
