2 0.567908 0.322525 0.0199346 0.0103431
2 0.547508 0.337614 0.0277288 0.0128758
2 0.604641 0.348194 0.0329085 0.0164542
2 0.602949 0.330016 0.0262582 0.0140196
5 5.0 5.0 5.0 5.0
5 5.0 5.0 5.0 5.0
0 0.166291 0.759175 0.332582 0.449428
2 0.510139 0.329869 0.0263562 0.0148693
5 5.0 5.0 5.0 5.0
5 5.0 5.0 5.0 5.0
5 5.0 5.0 5.0 5.0
5 5.0 5.0 5.0 5.0
2 0.676242 0.339771 0.0351307 0.019281
2 0.657328 0.338529 0.0255392 0.0138562
2 0.275792 0.30683 0.0204739 0.0131046
2 0.464134 0.318954 0.0328105 0.0202288
2 0.635866 0.333194 0.0225817 0.013415
2 0.533211 0.331904 0.0415523 0.019134
2 0.31098 0.274534 0.0311765 0.00844771
2 0.367288 0.271748 0.0332026 0.0124183
4 4.0 4.0 4.0 4.0
5 5.0 5.0 5.0 5.0
