0 0.241522 0.493329 0.0466281 0.13036
0 0.0465992 0.494062 0.0163198 0.0682776
0 0.075896 0.491131 0.0143738 0.0503856
0 0.36447 0.520771 0.143545 0.205193
0 0.109374 0.493458 0.0094605 0.0468638
0 0.0604913 0.490077 0.0131985 0.0548072
0 0.461416 0.48491 0.00872832 0.0351671
0 0.471628 0.485566 0.00710983 0.0327249
0 0.428198 0.472455 0.0139306 0.0346787
0 0.12052 0.494357 0.0175723 0.0651671
0 0.507909 0.477134 0.0111561 0.0370951
0 0.197987 0.480746 0.00903661 0.0366067
0 0.0258189 0.498123 0.0188054 0.0791774
