0 0.593297 0.78755 0.03325 0.0794618
0 0.382289 0.738782 0.0208281 0.0776771
0 0.805945 0.803442 0.0280781 0.0483569
0 0.441461 0.789844 0.0242031 0.129943
0 0.283617 0.790921 0.0272031 0.0717564
0 0.235406 0.769377 0.0244062 0.0879887
0 0.102094 0.7783 0.02325 0.117564
0 0.458898 0.453796 0.0248594 0.0561473
0 0.185727 0.492479 0.0296094 0.0485836
0 0.5115 0.824221 0.0329062 0.096034
0 0.533336 0.835892 0.0374219 0.111161
0 0.860031 0.834391 0.0367188 0.154164
0 0.405555 0.461516 0.0232969 0.0541926
