2 0.214125 0.624635 0.0479687 0.0495208
0 0.0709297 0.648625 0.0261406 0.103417
0 0.0353359 0.643437 0.0310469 0.101542
0 0.101594 0.632302 0.0225312 0.0776875
2 0.367805 0.623406 0.0530781 0.0303542
1 0.0333203 0.80151 0.0441406 0.0601458
0 0.513539 0.623771 0.0157344 0.0595833
0 0.480422 0.623625 0.01475 0.0509167
0 0.467664 0.620115 0.0125781 0.0438958
0 0.43275 0.617521 0.0118125 0.043
0 0.449172 0.622833 0.0123438 0.0445833
0 0.526781 0.623552 0.02125 0.0578125
1 0.118063 0.661448 0.0254688 0.0516875
2 0.163727 0.618594 0.0396719 0.0220625
0 0.507203 0.627615 0.0220625 0.0583125
