3 0.684859 0.619708 0.2275 0.254708
3 0.112883 0.587292 0.119172 0.150167
0 0.539156 0.633146 0.0669687 0.316917
0 0.46432 0.634833 0.112922 0.334833
0 0.332047 0.638333 0.0670937 0.209542
0 0.816578 0.517969 0.102813 0.217979
0 0.231188 0.604208 0.0358438 0.171208
0 0.262539 0.57076 0.0378906 0.167313
0 0.880898 0.524427 0.0509531 0.219229
0 0.643 0.526656 0.0569063 0.135562
0 0.377203 0.600625 0.0142187 0.137375
0 0.378008 0.513323 0.0135781 0.0498125
0 0.35718 0.48675 0.0355469 0.0730833
0 0.948617 0.574042 0.0723906 0.122333
0 0.488867 0.513729 0.0294219 0.0744167
