2 0.490867 0.510306 0.0212969 0.0231529
6 0.559531 0.630035 0.0490938 0.0875059
6 0.616141 0.626988 0.0444375 0.0854118
6 0.0779062 0.639424 0.07875 0.0934353
6 0.214031 0.639588 0.0492812 0.0755059
6 0.500383 0.631129 0.0548594 0.0793882
6 0.443023 0.633706 0.0584531 0.0790353
6 0.374547 0.637459 0.0569375 0.0713412
6 0.686398 0.640047 0.0438281 0.0675294
4 0.0284219 0.550176 0.0568438 0.0703294
4 0.132945 0.553212 0.0472969 0.0732471
4 0.182836 0.550094 0.0507969 0.0774118
4 0.233867 0.548835 0.0454844 0.0712706
4 0.286289 0.544129 0.0527969 0.0695765
4 0.415656 0.552459 0.0415 0.0650118
4 0.5205 0.539965 0.0401562 0.0478824
4 0.667008 0.544471 0.0532656 0.0821647
4 0.614008 0.543212 0.0462969 0.0787529
6 0.0206797 0.637106 0.0413594 0.0792471
4 0.081625 0.549329 0.0519687 0.0747529
4 0.328336 0.5542 0.0513594 0.0674118
4 0.569703 0.538376 0.0374375 0.0413176
6 0.14632 0.634647 0.0682656 0.0957882
0 0.731461 0.655882 0.0169844 0.0540706
4 0.475008 0.555447 0.0370781 0.07
6 0.702883 0.636659 0.00429688 0.0408941
6 0.313328 0.638012 0.0623125 0.0791294
6 0.753094 0.630494 0.0388125 0.0818353
