0 0.374447 0.679836 0.133647 0.110641
0 0.804965 0.281141 0.0536471 0.155719
0 0.953918 0.32275 0.0908471 0.160312
0 0.850318 0.299805 0.0839765 0.160422
0 0.161224 0.631867 0.160518 0.132547
0 0.228965 0.493055 0.0693647 0.0665156
0 0.355259 0.247813 0.0288235 0.02525
0 0.602965 0.235328 0.0222118 0.027125
0 0.329247 0.894039 0.266541 0.156578
0 0.772482 0.19475 0.0379059 0.079375
0 0.681671 0.205578 0.0251294 0.0262188
0 0.309847 0.247266 0.0589412 0.0311875
0 0.657847 0.212281 0.0540941 0.0301563
