0 0.596211 0.613009 0.245391 0.773981
0 0.97768 0.433513 0.0446406 0.448009
0 0.717805 0.335527 0.0673281 0.104122
0 0.73493 0.266159 0.0944844 0.17808
0 0.597586 0.201944 0.0269219 0.0477283
0 0.553656 0.303372 0.063875 0.160422
0 0.382602 0.336323 0.0612656 0.101499
0 0.457445 0.332681 0.0786406 0.106253
0 0.409305 0.22637 0.0653906 0.117049
0 0.661547 0.246429 0.048625 0.120023
0 0.520484 0.250691 0.0663125 0.163162
0 0.297609 0.320222 0.0914688 0.141569
0 0.331109 0.213489 0.0599375 0.110117
