2 0.759258 0.395211 0.107922 0.0912178
2 0.593883 0.358009 0.0842969 0.0546604
0 0.337641 0.511674 0.436 0.976651
0 0.857672 0.469883 0.0950312 0.361124
0 0.976383 0.44685 0.0442969 0.358478
0 0.170898 0.312705 0.0422031 0.145831
0 0.249055 0.299286 0.0305781 0.0922951
0 0.93018 0.345117 0.0439219 0.1026
0 0.0859219 0.367834 0.07575 0.281475
0 0.214 0.312002 0.0360938 0.0891569
2 0.815523 0.368326 0.0529531 0.0506089
0 0.948141 0.433618 0.0708438 0.294684
0 0.28 0.304087 0.0142813 0.0351991
