0 0.502391 0.186948 0.0735313 0.251938
0 0.540117 0.263802 0.104172 0.138896
0 0.600039 0.181156 0.0762969 0.193521
0 0.358734 0.199323 0.0745313 0.295687
0 0.301891 0.218719 0.084375 0.328646
0 0.212602 0.187469 0.0701094 0.256104
0 0.243539 0.138771 0.0455156 0.2
0 0.376203 0.195292 0.0450313 0.219333
0 0.149867 0.211094 0.0876406 0.379771
0 0.484063 0.171802 0.0325312 0.178146
0 0.53893 0.175083 0.0438281 0.2285
0 0.608344 0.25825 0.0642188 0.09475
0 0.0804297 0.167104 0.0759219 0.26325
