1 0.335422 0.492494 0.0111562 0.0430946
1 0.201359 0.47624 0.0093125 0.0450128
1 0.228875 0.482494 0.0148125 0.0303581
3 0.443969 0.522315 0.0751563 0.21844
3 0.577422 0.503005 0.0940625 0.21798
3 0.277094 0.478811 0.0340937 0.103657
3 0.644383 0.492404 0.0467969 0.123018
3 0.245438 0.330652 0.00740625 0.013734
3 0.229148 0.311381 0.00657812 0.016624
2 0.0877969 0.301189 0.013 0.0173146
0 0.320719 0.446164 0.0109063 0.058977
6 0.32825 0.333887 0.0475313 0.0199488
1 0.305367 0.480524 0.0198906 0.0555754
1 0.344539 0.487532 0.00423438 0.0451407
1 0.361203 0.487711 0.0025 0.0419693
1 0.209172 0.475818 0.005875 0.0346036
1 0.353375 0.485665 0.003125 0.0317391
1 0.326336 0.481279 0.00867187 0.0537084
1 0.216648 0.468824 0.00426563 0.0209719
1 0.250492 0.492084 0.00370313 0.0195652
1 0.254086 0.494233 0.0118281 0.0288235
3 0.217219 0.310243 0.00721875 0.0108696
1 0.322922 0.486867 0.00221875 0.0321483
