2 0.158547 0.560211 0.297 0.157002
2 0.716164 0.556651 0.0835156 0.0979391
0 0.383305 0.593255 0.140641 0.47822
0 0.521094 0.658642 0.0912813 0.358501
0 0.607961 0.619098 0.0944531 0.456183
2 0.931344 0.539356 0.137313 0.123021
2 0.655852 0.522143 0.0219531 0.0451756
0 0.490273 0.514063 0.0331094 0.122646
0 0.539547 0.520925 0.056875 0.137166
0 0.434398 0.605047 0.0270781 0.199602
6 6.0 6.0 6.0 6.0
2 0.752086 0.533302 0.0203594 0.0467447
2 0.68075 0.510585 0.0155312 0.0225761
2 0.750422 0.504742 0.0253125 0.0223185
