0 0.564802 0.766734 0.386521 0.424719
0 0.749062 0.752961 0.293625 0.462922
0 0.263677 0.70225 0.521354 0.5955
0 0.596062 0.619359 0.110792 0.216438
0 0.947198 0.67975 0.105604 0.249656
0 0.523115 0.542227 0.0636458 0.0676406
0 0.859781 0.553578 0.107521 0.0947812
0 0.428187 0.534727 0.0675833 0.0457656
0 0.815083 0.310063 0.278875 0.360312
0 0.731167 0.505695 0.05775 0.0251406
0 0.576531 0.558594 0.0406875 0.0413437
0 0.897875 0.533922 0.08525 0.096375
0 0.925781 0.531391 0.0442708 0.0430313
