0 0.266875 0.611979 0.464781 0.739321
0 0.355859 0.477927 0.341313 0.476042
0 0.642453 0.623595 0.409312 0.730328
0 0.758773 0.455855 0.482453 0.502951
0 0.871547 0.452705 0.0901563 0.358103
0 0.477258 0.359403 0.0950469 0.172904
0 0.803797 0.35945 0.105813 0.352061
0 0.495063 0.526112 0.198156 0.620187
0 0.30175 0.210644 0.04725 0.0920609
0 0.315602 0.124719 0.0164844 0.110094
0 0.297336 0.235656 0.0163281 0.0308431
0 0.370398 0.176827 0.0627344 0.196745
1 0.975016 0.469953 0.0499687 0.15274
0 0.163477 0.40363 0.0499219 0.239157
