4 4.0 4.0 4.0 4.0
0 0.374249 0.90556 0.243634 0.18888
0 0.504234 0.82458 0.106607 0.1678
0 0.0604655 0.86721 0.114204 0.26194
0 0.631021 0.82735 0.164144 0.24018
0 0.750706 0.81115 0.0656757 0.1589
0 0.822132 0.81758 0.0645646 0.14736
0 0.216847 0.77901 0.0584384 0.09166
0 0.088003 0.76346 0.0537838 0.07364
0 0.137988 0.78935 0.0792192 0.15022
0 0.963604 0.71349 0.0522523 0.05218
0 0.574189 0.92474 0.195886 0.15052
0 0.268964 0.85931 0.164535 0.26262
4 4.0 4.0 4.0 4.0
0 0.893949 0.8473 0.0918018 0.25992
