0 0.590961 0.80976 0.0174844 0.0521458
0 0.632852 0.811615 0.00835937 0.0286875
0 0.381148 0.773813 0.0131719 0.0362917
0 0.348742 0.923104 0.0246094 0.0359167
0 0.287297 0.923521 0.0189687 0.0430417
0 0.145086 0.975667 0.0351094 0.0486667
0 0.252602 0.807583 0.0143594 0.0408333
0 0.368266 0.966458 0.028625 0.0670833
0 0.291789 0.903229 0.0229844 0.0633333
0 0.644516 0.70474 0.01075 0.0277708
0 0.437578 0.749313 0.0128125 0.0286667
0 0.310758 0.897854 0.0268281 0.0525
0 0.518625 0.68924 0.0073125 0.0206875
