1 0.0886484 0.849788 0.0624844 0.0608962
2 0.0274531 0.814599 0.0549063 0.0821698
2 0.914617 0.889882 0.170766 0.193255
1 0.10125 0.843844 0.0596875 0.0616981
1 0.127453 0.843137 0.0379688 0.0353302
2 0.109648 0.798998 0.0440781 0.0494575
2 0.134398 0.782429 0.0275469 0.0238679
0 0.379641 0.838903 0.0228125 0.129222
0 0.613617 0.866238 0.0533594 0.0876651
0 0.343789 0.86184 0.0286406 0.0967925
0 0.205508 0.824658 0.0359219 0.0498349
0 0.764688 0.838573 0.0200938 0.03875
0 0.787531 0.859682 0.0323125 0.0952123
0 0.517398 0.814847 0.0267344 0.0693632
0 0.493813 0.819269 0.0310625 0.0757075
0 0.888008 0.843986 0.0198906 0.0358019
0 0.61832 0.838585 0.0279219 0.0421226
0 0.500633 0.846792 0.0276094 0.0476887
2 0.595227 0.814917 0.0612031 0.0267217
