0 0.63557 0.6974 0.01202 0.0449333
0 0.85712 0.725093 0.01852 0.0587733
0 0.83204 0.707507 0.01676 0.0558667
0 0.61189 0.6936 0.01194 0.0271467
0 0.4191 0.67072 0.01048 0.0360533
0 0.45275 0.663027 0.00794 0.0239733
0 0.77703 0.706867 0.0133 0.0501067
2 0.69607 0.694907 0.01654 0.0100267
0 0.2365 0.687413 0.02284 0.0597867
0 0.39472 0.675133 0.01028 0.0295733
0 0.80954 0.711733 0.01852 0.0462933
0 0.08151 0.75072 0.0275 0.05376
0 0.12461 0.719187 0.03906 0.146267
0 0.62545 0.694307 0.01518 0.03848
