2 0.627453 0.759177 0.164344 0.192604
2 0.312281 0.722427 0.0545625 0.0522292
2 0.384352 0.686063 0.0172344 0.0260417
2 0.402719 0.677635 0.0225312 0.0218958
2 0.317281 0.70299 0.0479687 0.0497292
2 0.542727 0.750583 0.0503906 0.106917
2 0.186156 0.722302 0.0611563 0.0701875
2 0.377945 0.69324 0.0138906 0.0271458
2 0.267062 0.699344 0.0210313 0.0598125
2 0.425031 0.678865 0.0246562 0.0298542
6 6.0 6.0 6.0 6.0
6 6.0 6.0 6.0 6.0
6 6.0 6.0 6.0 6.0
2 0.446664 0.674563 0.0162031 0.018
6 6.0 6.0 6.0 6.0
6 6.0 6.0 6.0 6.0
6 6.0 6.0 6.0 6.0
6 6.0 6.0 6.0 6.0
6 6.0 6.0 6.0 6.0
