1 0.390242 0.77667 0.546984 0.44164
1 0.857313 0.830233 0.278156 0.339534
4 4.0 4.0 4.0 4.0
0 0.381656 0.275678 0.0309687 0.0712348
0 0.364813 0.240972 0.0235 0.0459109
0 0.346164 0.577763 0.245109 0.710304
0 0.228148 0.355658 0.0666094 0.218401
0 0.602125 0.273583 0.0940938 0.176437
0 0.347945 0.285709 0.0377969 0.0646559
0 0.190094 0.259706 0.0247188 0.0678745
0 0.0767266 0.286751 0.0353281 0.0907085
0 0.154438 0.370364 0.0578438 0.204372
0 0.343094 0.19833 0.0388437 0.108603
0 0.137047 0.317338 0.0846563 0.203421
0 0.784125 0.28663 0.102813 0.116255
0 0.414234 0.343249 0.0575625 0.216417
