0 0.366208 0.515922 0.618833 0.57175
0 0.825792 0.395164 0.116167 0.116797
0 0.595177 0.370742 0.0808958 0.0632344
0 0.663031 0.36975 0.0578542 0.0572187
0 0.769427 0.345234 0.0430208 0.0559063
0 0.720427 0.396812 0.115354 0.121313
0 0.271802 0.412195 0.208229 0.212953
0 0.532979 0.373688 0.0456667 0.0551562
0 0.646479 0.348031 0.03875 0.0503437
0 0.796208 0.354805 0.0234167 0.0282969
0 0.545521 0.346117 0.0358333 0.0535469
0 0.669802 0.379922 0.0533958 0.0455
0 0.754781 0.372273 0.0530208 0.0737031
