1 0.816742 0.667823 0.169266 0.189521
1 0.942937 0.686656 0.113563 0.200604
0 0.102805 0.688385 0.138203 0.478646
0 0.218883 0.663719 0.108578 0.414479
0 0.34575 0.60701 0.0614688 0.229729
0 0.452859 0.598406 0.0734375 0.228687
0 0.484812 0.544833 0.028 0.117833
0 0.52993 0.675219 0.108422 0.223813
0 0.61493 0.695969 0.192953 0.259521
0 0.0462422 0.49601 0.0226094 0.0803958
0 0.0131562 0.545948 0.0263125 0.167521
0 0.0720234 0.48701 0.0129219 0.0548542
0 0.0264062 0.491552 0.0169687 0.0598125
