2 0.0499219 0.540788 0.0240313 0.0396
2 0.544578 0.503894 0.0365 0.0585176
0 0.708086 0.806741 0.198484 0.364024
0 0.540039 0.644647 0.0543594 0.125529
0 0.623797 0.658329 0.106344 0.177129
0 0.508516 0.730871 0.116656 0.216188
0 0.402023 0.770106 0.101328 0.3492
0 0.256375 0.747153 0.0994375 0.282353
0 0.215961 0.645988 0.0744531 0.303553
0 0.628984 0.540529 0.0642188 0.130941
0 0.0341094 0.704824 0.0678438 0.368424
0 0.171672 0.593353 0.0667813 0.167929
0 0.875219 0.680894 0.159688 0.224706
2 0.354836 0.534753 0.0748906 0.0592941
0 0.289469 0.578271 0.0660937 0.155929
0 0.493008 0.554494 0.0360156 0.142776
