5 5.0 5.0 5.0 5.0
0 0.147016 0.642733 0.012125 0.058262
0 0.178055 0.646259 0.0137656 0.0581612
0 0.764039 0.480856 0.0109844 0.0216625
0 0.213352 0.651688 0.0147969 0.0566247
0 0.195773 0.649597 0.0116094 0.0503275
0 0.251867 0.652922 0.00860937 0.053199
0 0.0660625 0.644723 0.0119688 0.0626952
0 0.0344219 0.643111 0.0189375 0.0677834
0 0.0144766 0.650567 0.0221719 0.060529
0 0.228719 0.652456 0.016875 0.0543829
0 0.104758 0.65034 0.0112656 0.0652645
0 0.263922 0.647746 0.00709375 0.0389673
0 0.114586 0.649861 0.00876563 0.0471285
