0 0.414984 0.530341 0.303 0.889893
0 0.715516 0.426962 0.0872813 0.70113
0 0.789461 0.278475 0.127984 0.500746
0 0.896703 0.231407 0.104406 0.423881
0 0.172906 0.350714 0.118562 0.56629
0 0.0851172 0.281386 0.100484 0.510235
0 0.187484 0.0642964 0.0634687 0.0891471
0 0.138 0.114542 0.0439688 0.140682
0 0.81568 0.0651812 0.0476406 0.0992751
0 0.235875 0.181471 0.0440313 0.289168
0 0.0244531 0.402068 0.0474062 0.506141
0 0.0377891 0.268465 0.0456406 0.471642
0 0.733437 0.237367 0.0545312 0.474733
