0 0.222812 0.491089 0.274594 0.380117
0 0.508656 0.443689 0.238937 0.434684
0 0.842602 0.457272 0.313234 0.528173
0 0.322875 0.260316 0.0829375 0.253888
0 0.238055 0.194824 0.0814531 0.115925
0 0.751391 0.116522 0.09225 0.168595
0 0.853102 0.0978337 0.0595156 0.117166
0 0.933828 0.213337 0.0822813 0.138197
0 0.238492 0.106347 0.0499531 0.144684
0 0.953008 0.266663 0.0906094 0.325925
0 0.438477 0.228642 0.0715156 0.376253
0 0.0923281 0.220831 0.0870937 0.155621
0 0.66825 0.286265 0.116031 0.286159
