5 5.0 5.0 5.0 5.0
0 0.418828 0.717477 0.0348125 0.156488
1 0.887359 0.740628 0.0190625 0.0599535
1 0.812281 0.744337 0.016875 0.0656977
1 0.831547 0.732791 0.021375 0.0816279
1 0.781359 0.742453 0.0252188 0.0660698
1 0.878063 0.732151 0.008125 0.0354651
1 0.915297 0.739256 0.0251563 0.063907
1 0.761617 0.732907 0.0323906 0.082
1 0.957453 0.716942 0.020375 0.0592791
1 0.792461 0.698953 0.0191719 0.032093
1 0.941484 0.719779 0.0292187 0.0571395
1 0.98107 0.710721 0.0146094 0.0676744
1 0.804469 0.742349 0.0088125 0.0492093
2 0.976477 0.676895 0.0292656 0.0232326
2 0.964188 0.673907 0.0401875 0.0226512
1 0.849992 0.75136 0.00901562 0.0448605
6 6.0 6.0 6.0 6.0
