0 0.867594 0.637074 0.094875 0.30786
0 0.531641 0.495502 0.0933438 0.220917
0 0.109977 0.514487 0.117922 0.225349
0 0.231117 0.458712 0.101297 0.187293
0 0.766508 0.484323 0.0978906 0.174891
0 0.242398 0.229323 0.0584219 0.128472
0 0.131031 0.244258 0.0539687 0.0961572
0 0.0872813 0.26167 0.0445313 0.0798908
0 0.368938 0.206616 0.0426562 0.0929694
0 0.433063 0.241376 0.0381875 0.0861135
0 0.0520859 0.262183 0.0322969 0.0698253
0 0.0146484 0.271594 0.0285156 0.0529694
0 0.392555 0.252806 0.0371406 0.063821
