6 0.189609 0.344938 0.372469 0.334833
0 0.247461 0.554552 0.143578 0.619354
0 0.456453 0.491948 0.070875 0.322396
0 0.925703 0.489906 0.0617188 0.339688
0 0.615852 0.482781 0.0564844 0.276187
0 0.677031 0.51201 0.158406 0.525188
0 0.840758 0.458344 0.0580469 0.354646
0 0.964703 0.492667 0.0705937 0.479292
0 0.557359 0.464219 0.079875 0.318729
0 0.731578 0.382937 0.0394062 0.134417
6 0.353094 0.410115 0.193812 0.159562
0 0.214016 0.204375 0.0279375 0.0745
0 0.938984 0.32775 0.0729062 0.129125
0 0.7505 0.490563 0.0488438 0.344417
