0 0.840305 0.522563 0.201016 0.707125
0 0.746484 0.574271 0.082 0.469292
0 0.103719 0.736458 0.0551562 0.143792
0 0.366578 0.766313 0.0101875 0.0165833
0 0.966773 0.745167 0.0103906 0.04575
0 0.406133 0.766823 0.0144531 0.0186042
0 0.379891 0.766177 0.0109375 0.0161042
0 0.443852 0.756604 0.0126406 0.0367917
0 0.51157 0.557979 0.249297 0.702375
0 0.914328 0.605615 0.0825937 0.460687
0 0.392555 0.76576 0.0117031 0.0167708
0 0.340703 0.758823 0.00975 0.0343542
0 0.324359 0.748094 0.007125 0.0175625
