0 0.272109 0.706344 0.108844 0.487521
0 0.3115 0.574271 0.0620938 0.168167
0 0.383313 0.63151 0.0822813 0.317354
0 0.503086 0.753562 0.109547 0.465167
0 0.55618 0.620979 0.0572969 0.39325
0 0.135586 0.499177 0.0196094 0.0649375
0 0.119289 0.504302 0.0144219 0.0571458
0 0.163055 0.501802 0.0147031 0.0553125
0 0.151008 0.503156 0.0116719 0.0555625
0 0.0979453 0.525188 0.0231719 0.0895
2 0.346898 0.497438 0.0423594 0.0430417
0 0.444258 0.810813 0.0472969 0.308542
0 0.0576953 0.514604 0.0184219 0.0726667
