2 0.938563 0.575257 0.110813 0.0833178
2 0.805969 0.508902 0.0183125 0.033271
2 0.291656 0.537582 0.0795 0.041986
2 0.475383 0.514042 0.0281406 0.0266355
0 0.287383 0.739404 0.0483906 0.0873131
0 0.304648 0.731343 0.0402031 0.0806308
0 0.211516 0.75007 0.0319375 0.100654
0 0.341703 0.715853 0.0358438 0.0715654
0 0.363008 0.676308 0.0200781 0.0350467
0 0.37507 0.694673 0.0252344 0.0683645
0 0.390359 0.665783 0.0171875 0.0518458
0 0.403859 0.676729 0.029125 0.0669626
0 0.924055 0.512383 0.0195781 0.0540654
0 0.325766 0.703178 0.02325 0.0648598
1 0.203938 0.553458 0.0299063 0.0312617
2 0.980523 0.598271 0.0389531 0.0961682
2 0.530664 0.502114 0.0209531 0.0211449
2 0.55243 0.495689 0.0155781 0.0154439
2 0.576883 0.49028 0.0159531 0.0173832
0 0.576781 0.57139 0.00825 0.0179673
0 0.57343 0.57764 0.0117344 0.0184112
1 0.114508 0.559428 0.0142969 0.0383411
1 0.88325 0.56104 0.038375 0.0565654
1 0.147281 0.553014 0.0202813 0.0411215
1 0.919305 0.52472 0.0182031 0.0266355
2 0.856047 0.539825 0.0448438 0.0505841
2 0.840453 0.521671 0.0450625 0.0517523
2 0.588602 0.490806 0.0100156 0.0143224
2 0.495227 0.505245 0.0311719 0.0281542
0 0.609109 0.555023 0.00975 0.0213551
