0 0.10582 0.802951 0.211641 0.306511
0 0.436383 0.394379 0.0722031 0.149742
0 0.273484 0.401979 0.136219 0.281756
0 0.311156 0.359859 0.0837813 0.154707
0 0.450703 0.321288 0.082875 0.165621
0 0.508281 0.406616 0.146437 0.16082
0 0.666438 0.405609 0.0944688 0.150562
0 0.58368 0.31459 0.0849219 0.17897
0 0.891891 0.495867 0.0865313 0.22822
0 0.795742 0.400012 0.112047 0.230656
0 0.515195 0.347494 0.0961094 0.168431
0 0.576992 0.357225 0.0931094 0.163958
0 0.233891 0.487272 0.152062 0.303349
