0 0.163695 0.712563 0.0629531 0.162549
0 0.636859 0.350644 0.0233125 0.0797759
0 0.0788359 0.71007 0.0424844 0.107759
0 0.932461 0.678669 0.0868594 0.128375
0 0.119977 0.713067 0.0507969 0.0788515
0 0.448797 0.242731 0.0101563 0.0412045
0 0.59325 0.211975 0.0146563 0.0306723
0 0.637234 0.255868 0.0179687 0.0465826
0 0.719656 0.146134 0.0075625 0.0252101
0 0.750031 0.105574 0.0156563 0.0432493
0 0.794141 0.163978 0.0138125 0.0560784
0 0.833633 0.283697 0.0120156 0.0295238
0 0.0176328 0.525896 0.0152969 0.104622
