2 0.0785859 0.307146 0.106328 0.0262083
4 4.0 4.0 4.0 4.0
0 0.256086 0.715281 0.0578281 0.217938
0 0.491602 0.616177 0.0325781 0.0651458
0 0.120461 0.791229 0.0454844 0.249417
0 0.154164 0.765833 0.0372656 0.222
0 0.168406 0.68676 0.0472187 0.187646
0 0.206406 0.728417 0.0425625 0.199125
0 0.0547734 0.796427 0.0472031 0.222437
0 0.0267578 0.786573 0.0416719 0.184938
0 0.476516 0.600656 0.0121563 0.0410625
0 0.565844 0.630562 0.0152812 0.0219583
0 0.462531 0.622729 0.0268437 0.0585
2 0.443672 0.513354 0.0219062 0.0220833
