0 0.00922656 0.445515 0.0184219 0.135246
0 0.0756563 0.48055 0.027125 0.117447
0 0.527438 0.257564 0.141813 0.315363
0 0.561758 0.245925 0.0492344 0.224356
0 0.639766 0.698197 0.108937 0.409133
0 0.58882 0.250679 0.0583594 0.317283
0 0.772898 0.528782 0.0356094 0.137939
0 0.821141 0.47411 0.0503437 0.216136
0 0.660242 0.252307 0.0872344 0.304005
0 0.626492 0.248806 0.0826719 0.316862
0 0.850367 0.497096 0.0605156 0.258126
0 0.902211 0.479286 0.0472969 0.242365
2 0.304453 0.449508 0.0414062 0.0861827
0 0.984469 0.523033 0.0310625 0.293279
