0 0.791523 0.697542 0.0214219 0.0617083
0 0.886875 0.66524 0.0120938 0.0483958
0 0.814367 0.653813 0.00945312 0.0371667
0 0.338781 0.800667 0.0593437 0.224417
0 0.838453 0.669302 0.0137187 0.0434375
0 0.943945 0.666979 0.0103906 0.03925
0 0.0545547 0.720573 0.0164844 0.0531042
0 0.933406 0.663406 0.00965625 0.0444375
0 0.92182 0.663167 0.0117656 0.0346667
0 0.543594 0.796333 0.038125 0.166167
0 0.623539 0.775583 0.0641719 0.239333
0 0.0713672 0.761896 0.0428906 0.105375
0 0.376438 0.797406 0.0574687 0.217979
