2 0.827141 0.936218 0.345719 0.127564
2 0.977641 0.775504 0.0447188 0.118033
2 0.510227 0.716569 0.0639844 0.103349
4 4.0 4.0 4.0 4.0
0 0.0701328 0.787763 0.0486406 0.194965
0 0.0316016 0.885773 0.0471406 0.228454
0 0.901516 0.609789 0.0154375 0.0623419
0 0.913109 0.609895 0.014 0.0609602
0 0.886773 0.609286 0.00929687 0.0580562
0 0.849055 0.608724 0.0191406 0.0683607
0 0.83443 0.622342 0.0117344 0.0434192
4 4.0 4.0 4.0 4.0
4 4.0 4.0 4.0 4.0
4 4.0 4.0 4.0 4.0
4 4.0 4.0 4.0 4.0
6 6.0 6.0 6.0 6.0
0 0.828242 0.588279 0.00904687 0.0302342
0 0.875375 0.604813 0.0149375 0.0743091
0 0.83257 0.593314 0.0118906 0.0328103
2 0.74918 0.734637 0.0147031 0.0792974
2 0.912117 0.597365 0.0441719 0.0488759
