0 0.992469 0.279221 0.0150625 0.0238149
0 0.346875 0.309424 0.1195 0.542596
0 0.217789 0.762675 0.243453 0.394018
0 0.354625 0.7443 0.1955 0.395372
0 0.424336 0.67079 0.147828 0.495124
0 0.836391 0.449187 0.0338437 0.108578
0 0.729516 0.683589 0.171094 0.388758
0 0.7775 0.656151 0.0929062 0.329278
0 0.953711 0.67316 0.0925781 0.414582
0 0.297328 0.687698 0.0975 0.519865
0 0.502781 0.697788 0.104219 0.389165
0 0.556281 0.715688 0.133906 0.424289
0 0.983086 0.613589 0.0338281 0.302528
