3 0.671016 0.796273 0.11625 0.383762
3 0.896836 0.606974 0.0648906 0.181379
3 0.777219 0.658376 0.0872813 0.263715
3 0.0521484 0.690432 0.104297 0.110491
3 0.450586 0.587629 0.0556719 0.158762
3 0.0588516 0.650339 0.114422 0.109416
3 0.0374844 0.86278 0.0749688 0.274439
3 0.167937 0.826904 0.266906 0.346192
3 0.833406 0.580467 0.0544063 0.141121
3 0.383758 0.54486 0.0401406 0.0833178
3 0.499883 0.507535 0.0224531 0.044743
3 0.0534531 0.775 0.106375 0.16229
3 0.963891 0.591904 0.0722187 0.115537
