0 0.463891 0.535573 0.0427187 0.201437
0 0.560094 0.372948 0.049875 0.154396
0 0.256609 0.611667 0.0359688 0.180375
0 0.485016 0.332885 0.041 0.164813
0 0.109977 0.614583 0.0431406 0.127833
0 0.852898 0.226302 0.0223906 0.0646875
0 0.879898 0.222573 0.0342969 0.0772708
0 0.829016 0.225948 0.0308125 0.0645625
0 0.934375 0.227927 0.0268125 0.0838542
0 0.279773 0.557302 0.0404531 0.206729
0 0.774359 0.215438 0.0350937 0.0643333
0 0.152102 0.64724 0.0790469 0.0521875
0 0.190266 0.283333 0.0663438 0.112875
