2 0.14225 0.63803 0.0504687 0.151352
2 0.18225 0.58852 0.127188 0.13359
2 0.479039 0.583112 0.0873281 0.0971329
2 0.411016 0.56014 0.025 0.06331
6 6.0 6.0 6.0 6.0
6 6.0 6.0 6.0 6.0
6 6.0 6.0 6.0 6.0
0 0.328086 0.605093 0.0366719 0.15359
0 0.362641 0.558217 0.0126562 0.0398368
2 0.52032 0.553543 0.0342969 0.0367366
2 0.940242 0.563613 0.119516 0.107552
2 0.956898 0.517576 0.0603906 0.0213054
2 0.989508 0.523974 0.0209844 0.0348019
2 0.872742 0.562739 0.0486406 0.136667
6 6.0 6.0 6.0 6.0
