0 0.199719 0.516854 0.241 0.930333
0 0.323547 0.608323 0.137406 0.783354
0 0.643711 0.282865 0.0252344 0.0498125
0 0.572195 0.553937 0.187078 0.892125
0 0.826852 0.507875 0.295609 0.957208
0 0.461797 0.458427 0.158438 0.732604
0 0.687852 0.281083 0.0440469 0.0437917
0 0.0440703 0.342479 0.0454219 0.222125
0 0.967492 0.369542 0.0245469 0.186917
0 0.0251953 0.279479 0.0203281 0.109708
0 0.650703 0.29126 0.0186875 0.0349375
0 0.0764453 0.329792 0.0448594 0.231292
0 0.0155312 0.347687 0.0310625 0.234542
