0 0.364641 0.871939 0.114437 0.155701
0 0.797992 0.783703 0.0781406 0.307874
0 0.906203 0.791343 0.10525 0.341425
0 0.479531 0.749136 0.0646875 0.152009
0 0.545781 0.77403 0.0426875 0.0939019
0 0.200492 0.717056 0.0167656 0.0376168
0 0.252133 0.74639 0.0285781 0.151612
0 0.583594 0.74236 0.0163438 0.0754673
0 0.0250859 0.787956 0.0501719 0.208107
0 0.126453 0.774661 0.065625 0.225023
0 0.601719 0.730374 0.0155312 0.0753271
0 0.305961 0.752301 0.0429219 0.141706
0 0.671547 0.744065 0.017 0.0955607
