0 0.400654 0.619953 0.37215 0.733187
0 0.869778 0.644984 0.106379 0.0504062
0 0.883867 0.613977 0.138061 0.0696094
0 0.749089 0.594539 0.120654 0.121984
0 0.795853 0.525516 0.0733411 0.051625
0 0.885257 0.551586 0.100607 0.0949531
0 0.283306 0.62625 0.0749766 0.0629375
0 0.216121 0.622062 0.0935047 0.0744375
0 0.79368 0.489789 0.115678 0.0783906
0 0.857068 0.582023 0.0874533 0.0595469
0 0.7509 0.645367 0.11236 0.0570156
0 0.175853 0.565016 0.143201 0.140219
0 0.0988668 0.657414 0.0602103 0.0336406
