0 0.187766 0.707646 0.0645312 0.205042
0 0.972594 0.703583 0.0548125 0.207583
0 0.092625 0.70125 0.0575625 0.161583
0 0.726469 0.703979 0.0326875 0.190292
0 0.366063 0.672604 0.0335625 0.131708
0 0.794031 0.707708 0.0421875 0.218583
0 0.573359 0.515437 0.0137187 0.0727917
0 0.0720625 0.66025 0.017625 0.07375
0 0.437938 0.803833 0.0860625 0.392333
0 0.0298906 0.655625 0.0214062 0.0841667
0 0.98925 0.631979 0.0215 0.0547917
0 0.556828 0.513125 0.0187187 0.0780833
0 0.149172 0.677563 0.0290938 0.0887917
