5 5.0 5.0 5.0 5.0
5 5.0 5.0 5.0 5.0
5 5.0 5.0 5.0 5.0
5 5.0 5.0 5.0 5.0
5 5.0 5.0 5.0 5.0
2 0.280766 0.821066 0.0130625 0.00995316
2 0.296125 0.809707 0.0307187 0.0199766
2 0.316078 0.791171 0.0145313 0.015082
2 0.336961 0.746511 0.0121719 0.00824356
2 0.331398 0.768466 0.00989063 0.00770492
2 0.638766 0.651405 0.007 0.00613583
2 0.453953 0.742553 0.0065 0.00594848
2 0.441523 0.762564 0.00973437 0.00784543
2 0.322297 0.780328 0.00740625 0.00744731
5 5.0 5.0 5.0 5.0
5 5.0 5.0 5.0 5.0
5 5.0 5.0 5.0 5.0
5 5.0 5.0 5.0 5.0
