3 0.245523 0.894988 0.0329531 0.101318
3 0.159172 0.939471 0.0406875 0.0910353
6 0.702977 0.844565 0.169047 0.222353
6 0.895141 0.707212 0.180969 0.204965
0 0.924367 0.661588 0.0323906 0.0675529
2 0.165219 0.698694 0.13225 0.199976
6 0.977195 0.162565 0.0454219 0.1168
3 0.269969 0.623247 0.04375 0.109788
6 0.968625 0.469259 0.06275 0.160306
6 0.189555 0.0483882 0.0250156 0.0508941
3 0.156023 0.101541 0.00739063 0.0212471
6 0.412484 0.2062 0.0579063 0.0677882
6 0.957617 0.298294 0.0847656 0.110329
