0 0.260727 0.421499 0.106953 0.639625
0 0.808563 0.0424941 0.0137187 0.0510773
0 0.199008 0.522506 0.152141 0.843513
0 0.807227 0.37582 0.104109 0.360445
0 0.491766 0.391007 0.125937 0.498876
0 0.708805 0.0472482 0.0157656 0.0598829
0 0.686047 0.0438642 0.0187812 0.061733
0 0.863305 0.0467916 0.0149531 0.0484778
0 0.673391 0.050445 0.00884375 0.0490867
0 0.720336 0.0458899 0.0134844 0.0575878
0 0.91232 0.446066 0.121453 0.235972
0 0.775992 0.0398361 0.0176719 0.064918
0 0.871656 0.0434543 0.0120938 0.0490164
