0 0.931594 0.73483 0.102625 0.419277
0 0.69932 0.576681 0.117141 0.215574
0 0.18668 0.559128 0.0492969 0.162426
0 0.251047 0.502915 0.0460625 0.272128
0 0.792609 0.119106 0.0146563 0.11217
0 0.585961 0.166723 0.0297344 0.118894
0 0.432945 0.178468 0.0258906 0.105447
0 0.211102 0.180745 0.0278281 0.0976596
0 0.931016 0.527574 0.0326875 0.161277
0 0.897102 0.525809 0.0332344 0.172213
0 0.145766 0.532426 0.0611563 0.201532
0 0.355609 0.112021 0.0264062 0.112128
0 0.384547 0.168149 0.0198125 0.0831064
