0 0.532758 0.614399 0.216984 0.497123
0 0.533117 0.045852 0.0316719 0.0562849
0 0.837563 0.729804 0.154313 0.441006
0 0.564172 0.217947 0.0460313 0.317346
0 0.225609 0.19669 0.0776875 0.252374
0 0.0998594 0.0523743 0.0443125 0.104749
0 0.916547 0.118743 0.0381563 0.0613966
0 0.837328 0.0873324 0.04825 0.0890782
0 0.88668 0.104972 0.0435156 0.0890503
0 0.949141 0.0889385 0.0335937 0.0906704
0 0.658687 0.750573 0.22375 0.36405
0 0.726945 0.0379469 0.0306094 0.0720391
0 0.673805 0.0646089 0.0467031 0.0728492
