0 0.246633 0.711241 0.217391 0.573021
0 0.346344 0.544567 0.128937 0.379766
0 0.399984 0.457822 0.0720313 0.274941
0 0.967781 0.513478 0.0644375 0.550562
0 0.770453 0.331124 0.18925 0.383466
0 0.787133 0.61685 0.149922 0.564052
0 0.656125 0.298642 0.041625 0.0866511
0 0.681281 0.502201 0.153562 0.42637
0 0.659406 0.40445 0.0549687 0.22
0 0.428023 0.380363 0.0847969 0.230422
0 0.488406 0.333595 0.0820625 0.162834
0 0.687055 0.281347 0.0420781 0.0435363
0 0.444937 0.344309 0.0403125 0.157611
