0 0.717734 0.660328 0.197103 0.374094
0 0.51222 0.690906 0.149533 0.324719
0 0.597675 0.634305 0.108341 0.291922
0 0.453984 0.610305 0.182921 0.278516
0 0.207208 0.67868 0.264743 0.342359
0 0.95528 0.476383 0.0295327 0.0584844
0 0.897909 0.469883 0.0368458 0.0688906
0 0.866005 0.471836 0.0377103 0.0589531
0 0.329486 0.580219 0.114766 0.151281
0 0.975841 0.493406 0.0471495 0.0854062
0 0.989124 0.45418 0.0217523 0.0213906
0 0.786787 0.471797 0.0424533 0.0435313
0 0.835152 0.4685 0.0434813 0.0630938
