1 0.367953 0.75279 0.265062 0.412016
1 0.546383 0.65613 0.191547 0.388635
1 0.81368 0.382261 0.0745156 0.18057
1 0.857828 0.35722 0.0503125 0.139898
1 0.718969 0.49834 0.0819688 0.237699
1 0.739297 0.429185 0.084 0.209409
1 0.936414 0.258289 0.0434219 0.0662322
1 0.771672 0.380367 0.0849688 0.191894
0 0.210875 0.49553 0.020125 0.0772098
0 0.130734 0.49667 0.0209688 0.0677597
0 0.17318 0.464094 0.0189531 0.0650102
0 0.230844 0.446741 0.016625 0.0680652
0 0.112289 0.451161 0.0540781 0.0270061
0 0.143437 0.601538 0.027875 0.0564766
0 0.12643 0.631935 0.0355469 0.0573116
0 0.0950625 0.642587 0.038375 0.0561303
0 0.212945 0.401609 0.0309531 0.0171487
0 0.113422 0.389715 0.0200938 0.0553971
0 0.138734 0.335367 0.0100313 0.0459267
0 0.149914 0.334807 0.0125156 0.0397149
1 0.645367 0.51724 0.147734 0.310652
0 0.209492 0.281619 0.00564062 0.0150916
1 0.875703 0.299022 0.0526563 0.10668
