0 0.274992 0.829217 0.267422 0.310125
0 0.570727 0.763048 0.0660781 0.428476
0 0.667703 0.780908 0.131187 0.406743
0 0.807578 0.784666 0.166125 0.430668
0 0.785578 0.65096 0.092375 0.248476
0 0.529695 0.645324 0.0465156 0.223215
0 0.487445 0.641952 0.0412344 0.219812
0 0.411602 0.583132 0.0391406 0.161461
0 0.224531 0.676033 0.0824063 0.301127
0 0.354039 0.596461 0.0522969 0.201023
0 0.918625 0.815073 0.123 0.369854
0 0.102977 0.714144 0.0779219 0.356806
0 0.733594 0.647349 0.0448438 0.209645
