2 0.362359 0.911835 0.0602188 0.134635
4 4.0 4.0 4.0 4.0
0 0.129539 0.917047 0.0836719 0.163647
0 0.254773 0.899541 0.0757656 0.161059
0 0.348461 0.901224 0.0272969 0.145271
0 0.317945 0.898941 0.0415781 0.160424
0 0.222023 0.872318 0.0270469 0.109624
0 0.596602 0.888824 0.359766 0.198635
0 0.382453 0.837388 0.0199063 0.0214118
0 0.208961 0.845729 0.0186719 0.0638353
0 0.170766 0.943541 0.0635938 0.112918
0 0.73375 0.869129 0.185281 0.232094
0 0.159414 0.826259 0.0333281 0.0672471
0 0.166453 0.876318 0.017625 0.0393176
0 0.0721172 0.895694 0.0527656 0.208612
