0 0.546108 0.536391 0.386698 0.705625
0 0.6998 0.371859 0.175542 0.113187
0 0.344705 0.436539 0.104127 0.0842969
0 0.347618 0.239414 0.131887 0.108516
0 0.206215 0.197992 0.112948 0.0682969
0 0.333219 0.10393 0.15309 0.143391
0 0.116993 0.112898 0.119929 0.137547
0 0.127252 0.249602 0.157099 0.0814531
0 0.784269 0.2905 0.142594 0.120438
0 0.972748 0.302469 0.0447406 0.0864062
0 0.784788 0.17393 0.121604 0.0942969
0 0.914564 0.165047 0.107146 0.139437
0 0.523373 0.182969 0.14316 0.1605
