0 0.213914 0.41826 0.128766 0.402687
0 0.725734 0.503337 0.1725 0.456718
0 0.798227 0.568161 0.276016 0.403987
0 0.0562266 0.303381 0.112453 0.222709
0 0.0632812 0.473062 0.0274687 0.154229
0 0.0212891 0.5075 0.0425781 0.469493
0 0.473391 0.496046 0.0311875 0.103326
0 0.573242 0.493106 0.0263281 0.0723348
0 0.422937 0.502181 0.0422812 0.101322
0 0.53257 0.498205 0.0171719 0.0981278
0 0.0991563 0.514934 0.0401562 0.0746256
0 0.502336 0.524207 0.0587969 0.0460793
0 0.97168 0.506806 0.0550156 0.0877093
