2 0.18649 0.551171 0.05246 0.124745
2 0.62269 0.492898 0.08646 0.0602703
2 0.70864 0.518273 0.034 0.0490991
4 4.0 4.0 4.0 4.0
0 0.57107 0.715901 0.10658 0.535345
0 0.45544 0.664159 0.17156 0.405135
0 0.75308 0.682568 0.07692 0.419309
0 0.88328 0.561817 0.04884 0.172222
0 0.13633 0.67024 0.07598 0.404925
2 0.67152 0.480105 0.02684 0.0175075
0 0.06069 0.489324 0.02226 0.0606907
0 0.03865 0.549805 0.02458 0.0887387
0 0.9693 0.530886 0.03256 0.171441
0 0.68845 0.711231 0.07782 0.447207
0 0.79964 0.642372 0.07616 0.365465
0 0.94953 0.821261 0.10094 0.356096
0 0.87763 0.728754 0.10806 0.252402
0 0.93942 0.517282 0.02932 0.128258
