0 0.821602 0.766288 0.356797 0.440445
0 0.240641 0.858431 0.331344 0.283138
0 0.953625 0.405445 0.0428125 0.0789461
0 0.579477 0.491007 0.106453 0.168525
0 0.785156 0.442775 0.060125 0.108454
0 0.738133 0.465749 0.0568281 0.116792
0 0.234641 0.575281 0.157438 0.269672
0 0.0817109 0.611991 0.163422 0.276393
0 0.335375 0.465773 0.127719 0.363724
0 0.373461 0.539766 0.116859 0.251522
0 0.695273 0.460937 0.0939844 0.161593
0 0.948063 0.707412 0.1005 0.293841
0 0.166969 0.426979 0.0269375 0.0349415
