0 0.619656 0.660885 0.11425 0.555063
0 0.720914 0.632729 0.107578 0.579417
0 0.956398 0.641115 0.0872031 0.520062
0 0.269305 0.401938 0.0482656 0.105083
0 0.311188 0.382865 0.0455313 0.178979
0 0.976867 0.30225 0.0411094 0.157
0 0.665211 0.430031 0.0484219 0.172146
0 0.887578 0.216396 0.02 0.120417
0 0.705523 0.276646 0.0553594 0.117792
0 0.48807 0.37551 0.0270469 0.112437
0 0.198953 0.533698 0.03675 0.122521
0 0.818875 0.497781 0.07775 0.116604
0 0.567461 0.375135 0.0226094 0.148396
