0 0.233781 0.493257 0.252781 0.712359
0 0.697672 0.396394 0.0748125 0.360349
0 0.782336 0.372748 0.0761406 0.387373
0 0.870289 0.463365 0.258016 0.667426
0 0.727844 0.176475 0.0320312 0.192735
0 0.946359 0.139611 0.034375 0.105442
0 0.388055 0.189544 0.0411406 0.178445
0 0.765297 0.142265 0.0315312 0.115845
0 0.578141 0.183351 0.069375 0.197802
0 0.528484 0.191273 0.0334688 0.172306
0 0.874922 0.0536461 0.02975 0.0853619
0 0.429766 0.158512 0.0349687 0.17874
0 0.471398 0.301595 0.0462969 0.212091
