0 0.256648 0.493243 0.122359 0.51125
0 0.661484 0.592842 0.403844 0.301486
0 0.0925078 0.468467 0.0865469 0.41217
0 0.152391 0.465318 0.0619062 0.367335
0 0.358109 0.450448 0.122344 0.398632
0 0.494898 0.454693 0.108047 0.358774
0 0.548031 0.452547 0.0743438 0.364009
0 0.615625 0.420778 0.0870313 0.416651
0 0.712672 0.362028 0.109469 0.333396
0 0.898117 0.288632 0.0315469 0.105
0 0.0188437 0.490849 0.0376875 0.316038
0 0.779984 0.388514 0.0526563 0.346509
0 0.395461 0.451851 0.0636719 0.383278
