0 0.199102 0.337845 0.112703 0.15541
0 0.535992 0.478653 0.229391 0.957307
0 0.200898 0.184602 0.0893594 0.196651
0 0.948141 0.135574 0.0642812 0.15897
0 0.912227 0.301171 0.0777969 0.281171
0 0.708055 0.336534 0.0916719 0.18548
0 0.665297 0.263068 0.0660312 0.154473
0 0.425508 0.347564 0.0967031 0.14089
0 0.344602 0.263044 0.119234 0.257845
0 0.329719 0.350094 0.0810625 0.127822
0 0.867063 0.261124 0.0830625 0.315597
0 0.756477 0.352834 0.120734 0.166276
0 0.290281 0.170012 0.0985625 0.184145
