0 0.287992 0.126323 0.0240469 0.0503981
0 0.273078 0.124766 0.0214062 0.070281
0 0.225586 0.124028 0.0247344 0.0503981
0 0.209672 0.120913 0.0193125 0.0613115
0 0.19332 0.127658 0.0190156 0.0487119
0 0.935633 0.182354 0.0502344 0.134122
0 0.559078 0.127225 0.018 0.0516862
0 0.976227 0.212834 0.0475469 0.182155
0 0.884289 0.143244 0.0115469 0.0259719
0 0.908445 0.154297 0.0146094 0.0384778
0 0.85843 0.201124 0.0505156 0.0930211
0 0.394352 0.331358 0.100203 0.184122
0 0.360195 0.123103 0.0278281 0.0518735
