0 0.586156 0.710563 0.150094 0.09075
0 0.829469 0.717656 0.16275 0.0962292
0 0.69118 0.722729 0.0721406 0.105917
0 0.534938 0.681688 0.162281 0.059375
0 0.651711 0.676802 0.0323594 0.0643958
0 0.835242 0.572844 0.0390469 0.112396
0 0.627203 0.574125 0.013625 0.0245
0 0.880008 0.57749 0.0320469 0.113104
0 0.40818 0.49574 0.0148906 0.0163125
0 0.451781 0.511167 0.0142187 0.0381667
0 0.199344 0.507052 0.0184062 0.0551042
0 0.0374141 0.520333 0.0272031 0.03825
0 0.0206875 0.513323 0.017 0.0334375
