2 0.63199 0.654053 0.14486 0.111253
6 6.0 6.0 6.0 6.0
0 0.41759 0.637827 0.03766 0.153893
0 0.3029 0.625933 0.0336 0.135867
0 0.8904 0.62208 0.03804 0.148
0 0.87377 0.612133 0.01834 0.13696
6 6.0 6.0 6.0 6.0
0 0.11836 0.610733 0.02792 0.0628533
0 0.91987 0.62864 0.02622 0.149173
2 0.76615 0.601187 0.03638 0.0575733
2 0.73199 0.623933 0.0791 0.0777867
2 0.68784 0.606453 0.02996 0.0386133
0 0.85713 0.603187 0.0151 0.0836
2 0.57 0.571627 0.03832 0.0351467
6 6.0 6.0 6.0 6.0
6 6.0 6.0 6.0 6.0
