6 6.0 6.0 6.0 6.0
0 0.566383 0.735956 0.108453 0.528089
0 0.649758 0.403683 0.0356406 0.135338
0 0.228039 0.806014 0.139984 0.387972
0 0.292992 0.638508 0.0754219 0.298834
0 0.728187 0.765921 0.148406 0.464242
0 0.639383 0.650128 0.0579844 0.298904
1 0.785953 0.374312 0.0496562 0.0881119
2 0.143352 0.336119 0.0816094 0.0852914
2 0.123117 0.295478 0.0670781 0.0915152
2 0.146797 0.260629 0.0586563 0.0729138
2 0.103039 0.236445 0.0551719 0.100256
2 0.132312 0.200921 0.0493125 0.0544289
4 4.0 4.0 4.0 4.0
0 0.640609 0.456515 0.0391875 0.0988578
0 0.381852 0.797751 0.131047 0.404499
0 0.194922 0.653613 0.0738125 0.15324
0 0.111531 0.748135 0.0958438 0.490163
0 0.0543594 0.78514 0.108719 0.42972
0 0.917992 0.727541 0.164016 0.542401
2 0.12307 0.0575291 0.0413281 0.0582284
2 0.289227 0.38458 0.0994219 0.145245
2 0.581531 0.10796 0.108 0.0694872
2 0.12 0.121981 0.0659062 0.0645221
2 0.227242 0.0641725 0.0981719 0.0604196
2 0.719211 0.103531 0.0883281 0.0564802
0 0.387508 0.553065 0.0541094 0.257506
2 0.322703 0.325793 0.07 0.0614219
