0 0.80449 0.568539 0.182771 0.341578
0 0.608885 0.628156 0.185229 0.222812
0 0.556802 0.0928125 0.0462708 0.0476562
0 0.308208 0.554953 0.231625 0.293438
0 0.467542 0.0576875 0.0409167 0.0401875
0 0.440552 0.0752578 0.0398125 0.0411406
0 0.424667 0.063125 0.0320417 0.0435313
0 0.851802 0.104281 0.0665208 0.0528125
0 0.378031 0.0532734 0.0715625 0.0501719
0 0.775896 0.25393 0.135958 0.0671406
0 0.875906 0.256734 0.0394792 0.0717187
0 0.934667 0.113461 0.053 0.0389219
0 0.839229 0.0716875 0.0895 0.0594688
