2 0.174539 0.66575 0.347734 0.283667
2 0.469797 0.593156 0.1745 0.143187
2 0.299219 0.407094 0.126531 0.0816042
2 0.851094 0.311083 0.0485625 0.0522917
2 0.870953 0.339188 0.0473125 0.0622917
2 0.860305 0.395948 0.0633594 0.0492708
2 0.712523 0.243646 0.0427969 0.0321667
4 4.0 4.0 4.0 4.0
4 4.0 4.0 4.0 4.0
4 4.0 4.0 4.0 4.0
4 4.0 4.0 4.0 4.0
2 0.868813 0.36276 0.0424687 0.0365625
6 6.0 6.0 6.0 6.0
6 6.0 6.0 6.0 6.0
0 0.242219 0.377406 0.0230625 0.0714792
0 0.747805 0.512052 0.0365469 0.0275625
2 0.794305 0.293052 0.0328906 0.0271042
2 0.798094 0.274115 0.0321562 0.0391458
