0 0.573698 0.619516 0.0272708 0.0727812
0 0.739458 0.61732 0.0232917 0.0536719
0 0.626896 0.607195 0.0214583 0.0321719
0 0.678552 0.6225 0.0299792 0.04575
0 0.981302 0.662828 0.0373958 0.145375
0 0.909198 0.657672 0.0726042 0.156469
0 0.897417 0.582523 0.0194583 0.0291719
0 0.607875 0.62225 0.0288333 0.069875
0 0.652875 0.622125 0.0359167 0.0616875
0 0.438771 0.623938 0.018375 0.064375
0 0.892552 0.562859 0.0198958 0.031875
0 0.892 0.531773 0.01775 0.0302031
0 0.690188 0.611914 0.0234167 0.0434844
