0 0.357391 0.632611 0.0372188 0.111124
0 0.312234 0.471311 0.0431563 0.0568618
0 0.482117 0.707295 0.0522031 0.0968384
0 0.445195 0.658665 0.0583594 0.108244
0 0.448031 0.385691 0.0376875 0.0733958
0 0.622789 0.283021 0.0388281 0.0594848
0 0.692992 0.409754 0.0582031 0.089719
0 0.187094 0.398349 0.0355938 0.051733
0 0.203273 0.55644 0.0502656 0.0703044
0 0.223953 0.513337 0.0505313 0.0812881
0 0.362383 0.526499 0.0448906 0.0813349
0 0.760766 0.701393 0.0637188 0.103443
0 0.555898 0.510316 0.0403906 0.0841452
