0 0.438672 0.518911 0.131406 0.324895
0 0.936742 0.519719 0.126516 0.350164
0 0.677844 0.0749415 0.05 0.149883
0 0.736383 0.0744614 0.0558594 0.146674
0 0.794484 0.0900117 0.050875 0.118993
0 0.893047 0.0803279 0.042 0.121733
0 0.974789 0.0947307 0.0499219 0.101546
0 0.300648 0.0669789 0.0469844 0.105386
0 0.0915469 0.0484426 0.049875 0.0950585
0 0.426352 0.521956 0.0794219 0.226815
0 0.925484 0.0803981 0.011875 0.0691335
0 0.0531797 0.0558665 0.0315781 0.107377
0 0.43143 0.0478806 0.0229219 0.0522951
