0 0.203547 0.87225 0.060875 0.229417
0 0.325266 0.857344 0.0574063 0.195521
0 0.461781 0.860083 0.0311563 0.157667
0 0.129039 0.815333 0.0617656 0.170583
0 0.190227 0.804281 0.0321719 0.0978125
0 0.425852 0.834771 0.0600156 0.222542
0 0.88582 0.826906 0.0474219 0.141271
0 0.596531 0.780427 0.0334062 0.0872292
0 0.566125 0.765063 0.0407187 0.064875
0 0.541375 0.789635 0.0391562 0.136646
0 0.0619062 0.873167 0.123375 0.243333
0 0.168102 0.848771 0.0393594 0.208833
0 0.275586 0.850844 0.0463906 0.209563
