2 0.121344 0.300392 0.0955938 0.0450853
2 0.235047 0.29913 0.0685313 0.0371672
2 0.393367 0.303055 0.0881406 0.0373038
0 0.92418 0.313754 0.0133594 0.040273
0 0.959336 0.313515 0.0282344 0.059727
0 0.511672 0.296826 0.017125 0.0580205
2 0.505555 0.304539 0.111953 0.0420478
6 6.0 6.0 6.0 6.0
6 6.0 6.0 6.0 6.0
2 0.572148 0.308788 0.0686094 0.0369625
2 0.67707 0.313464 0.0383594 0.0317747
0 0.845633 0.321741 0.00714063 0.0230717
0 0.438266 0.300119 0.0095 0.0382594
0 0.145242 0.29128 0.00929687 0.0272014
0 0.959914 0.213959 0.00654688 0.0200683
0 0.845617 0.304437 0.0154219 0.052901
