1 0.507492 0.940649 0.213047 0.118703
0 0.214375 0.792889 0.0952812 0.32809
0 0.152031 0.820189 0.0646562 0.293774
0 0.0946953 0.825672 0.0887344 0.328467
0 0.367219 0.757842 0.119875 0.206392
0 0.307594 0.769623 0.0557187 0.21217
0 0.511008 0.741108 0.0747344 0.189009
0 0.464125 0.756274 0.0444688 0.189717
0 0.622344 0.767512 0.0374063 0.220542
0 0.652117 0.762476 0.0445781 0.212547
0 0.490445 0.706922 0.0189844 0.0451651
0 0.416312 0.744693 0.0312812 0.0963679
0 0.594016 0.758986 0.0387188 0.137075
1 0.331094 0.925861 0.236125 0.148278
4 4.0 4.0 4.0 4.0
1 0.447461 0.860625 0.134453 0.131061
1 0.63318 0.931969 0.0806406 0.136061
0 0.731977 0.774139 0.0392031 0.200212
