0 0.644266 0.336259 0.0826563 0.223765
0 0.881641 0.2276 0.00646875 0.0288471
0 0.40768 0.375753 0.0978281 0.136353
0 0.0537734 0.348624 0.0662031 0.1796
0 0.584227 0.297753 0.0731094 0.258424
0 0.163648 0.314471 0.0599531 0.0885647
0 0.247969 0.345435 0.0718125 0.175765
0 0.162844 0.197635 0.165969 0.269765
0 0.31807 0.325894 0.0665469 0.189671
0 0.256367 0.262576 0.0382969 0.148447
0 0.48493 0.241012 0.00926562 0.0341176
0 0.120367 0.370329 0.0754219 0.164612
0 0.696375 0.328129 0.057375 0.176447
