0 0.230773 0.73074 0.0958594 0.198021
0 0.348914 0.6865 0.0839844 0.214292
0 0.647781 0.413875 0.0294687 0.0915
0 0.164273 0.345062 0.0294219 0.04375
0 0.707672 0.515542 0.085 0.124917
0 0.210922 0.737 0.0809375 0.148083
0 0.0760234 0.229635 0.0120469 0.0141042
0 0.125203 0.246552 0.0175937 0.0282292
0 0.0501875 0.457312 0.0419375 0.117167
0 0.588383 0.270396 0.0115469 0.0124167
0 0.509828 0.266542 0.0110625 0.0195
0 0.387414 0.261323 0.0128281 0.0203542
0 0.507812 0.235896 0.0138125 0.0220833
