0 0.461062 0.649596 0.0742188 0.387437
0 0.15757 0.664053 0.0832031 0.375292
0 0.786398 0.614721 0.0593594 0.347994
0 0.112273 0.537674 0.0478906 0.225097
0 0.928523 0.599485 0.0446719 0.328273
0 0.965141 0.449513 0.011625 0.0693872
0 0.823125 0.613482 0.0529375 0.337103
0 0.871836 0.423955 0.0102656 0.041727
0 0.851383 0.629791 0.0190781 0.260418
0 0.885883 0.423064 0.00835937 0.0402228
2 0.657172 0.365627 0.0245938 0.0177159
0 0.88 0.673357 0.0454688 0.162145
2 0.869492 0.372521 0.0275469 0.0221448
2 0.71375 0.371838 0.022625 0.0121448
2 0.692547 0.368565 0.021625 0.0171866
2 0.676703 0.369011 0.0184062 0.0133983
0 0.976766 0.446031 0.0175937 0.0727855
