2 0.25281 0.852993 0.07738 0.106134
0 0.93828 0.870483 0.05016 0.256729
2 0.56305 0.79816 0.0721 0.10368
2 0.76501 0.84184 0.16362 0.170149
2 0.84459 0.745372 0.06678 0.0629368
2 0.85782 0.837955 0.12244 0.131673
2 0.4791 0.857807 0.1156 0.120149
2 0.69231 0.78632 0.06018 0.100967
6 0.37902 0.804498 0.09792 0.107881
2 0.16694 0.834275 0.12884 0.0907063
2 0.41107 0.828587 0.08342 0.0513011
2 0.08484 0.839368 0.105 0.08171
6 0.68894 0.78868 0.0584 0.0956506
6 0.29708 0.843346 0.0426 0.154721
6 0.8478 0.754665 0.07232 0.0828625
1 0.17554 0.901561 0.03904 0.0887732
2 0.88779 0.76619 0.07306 0.059368
6 0.7654 0.797212 0.15792 0.0774721
