0 0.220422 0.453059 0.0869687 0.255694
0 0.513734 0.27262 0.079625 0.171473
0 0.583789 0.839334 0.0892344 0.316856
0 0.263164 0.90711 0.0840156 0.185382
0 0.139445 0.812365 0.137578 0.375269
0 0.306836 0.783782 0.0745469 0.412153
0 0.711453 0.825836 0.0842813 0.2
0 0.878781 0.83483 0.0842813 0.325864
0 0.281977 0.362918 0.0582656 0.146062
0 0.399289 0.893966 0.123516 0.203003
0 0.767125 0.786232 0.100188 0.427535
0 0.48293 0.923555 0.0977031 0.134079
0 0.671633 0.751232 0.0789844 0.211983
