3 0.125828 0.819394 0.109813 0.361213
4 4.0 4.0 4.0 4.0
4 4.0 4.0 4.0 4.0
4 4.0 4.0 4.0 4.0
4 4.0 4.0 4.0 4.0
4 4.0 4.0 4.0 4.0
0 0.439523 0.789852 0.0997031 0.419596
0 0.348703 0.699367 0.0679063 0.275768
0 0.412641 0.561712 0.0296563 0.0755526
0 0.329023 0.575485 0.0282969 0.126496
0 0.300063 0.607965 0.0220312 0.147682
0 0.294914 0.566981 0.0138281 0.0780054
0 0.534289 0.563315 0.0161094 0.0709434
0 0.393281 0.675984 0.0427187 0.277197
0 0.490836 0.567237 0.0110781 0.0526954
0 0.469898 0.559919 0.0127031 0.0563881
0 0.22893 0.604677 0.0163281 0.122183
3 0.355516 0.76845 0.0551562 0.160943
3 0.223344 0.864016 0.127937 0.271968
4 4.0 4.0 4.0 4.0
4 4.0 4.0 4.0 4.0
4 4.0 4.0 4.0 4.0
4 4.0 4.0 4.0 4.0
4 4.0 4.0 4.0 4.0
0 0.363977 0.568477 0.0216406 0.0940431
3 0.555484 0.591482 0.00878125 0.0227493
4 4.0 4.0 4.0 4.0
4 4.0 4.0 4.0 4.0
0 0.452555 0.558935 0.0134844 0.0668194
4 4.0 4.0 4.0 4.0
