3 0.386289 0.642703 0.245641 0.188784
0 0.380922 0.567759 0.121375 0.246509
0 0.152125 0.448018 0.0235 0.0534234
0 0.0768203 0.467748 0.0192031 0.0951802
0 0.10425 0.464673 0.0261562 0.106554
2 0.501148 0.486036 0.107172 0.13036
2 0.667391 0.486239 0.118438 0.115766
2 0.284344 0.445698 0.0400937 0.0383333
2 0.599453 0.465957 0.0903438 0.110203
2 0.782422 0.461149 0.153906 0.167793
2 0.387578 0.461194 0.04375 0.0619369
2 0.348273 0.447005 0.0441406 0.0594144
2 0.437078 0.474662 0.049625 0.100225
