0 0.198406 0.485062 0.13075 0.217917
0 0.425969 0.486854 0.095625 0.143625
0 0.819641 0.485948 0.028125 0.0458125
0 0.824437 0.816167 0.351125 0.334833
0 0.76582 0.456406 0.0611094 0.133813
0 0.841437 0.515812 0.107313 0.160625
0 0.0700547 0.504042 0.140109 0.151583
0 0.480563 0.46624 0.0835937 0.126188
0 0.327547 0.541021 0.15925 0.350625
0 0.54118 0.542385 0.138109 0.249687
0 0.687391 0.509885 0.121438 0.168188
0 0.447172 0.478146 0.0305625 0.0432917
0 0.571766 0.456115 0.0324062 0.0668542
