0 0.487312 0.601998 0.08975 0.271312
0 0.662453 0.685596 0.0935 0.249682
0 0.54707 0.569215 0.0388594 0.105666
0 0.375023 0.669334 0.122016 0.308211
0 0.156516 0.603519 0.0535625 0.179046
0 0.942797 0.505696 0.026875 0.136759
0 0.433734 0.595119 0.0579063 0.207376
0 0.523695 0.543827 0.0407031 0.114652
0 0.236406 0.594463 0.031875 0.136561
0 0.196336 0.590686 0.0673594 0.170119
2 0.967383 0.495577 0.0371406 0.0951292
2 0.919438 0.529801 0.0265312 0.0411531
6 6.0 6.0 6.0 6.0
0 0.734617 0.604682 0.0560781 0.0849105
