2 0.186761 0.656711 0.373521 0.177828
2 0.956526 0.602406 0.0869484 0.0430625
2 0.93 0.580672 0.14 0.053875
2 0.39365 0.580305 0.0988967 0.0600156
0 0.741068 0.726719 0.26946 0.515688
0 0.494589 0.739328 0.280211 0.494375
2 0.295082 0.568352 0.078615 0.0406719
2 0.14635 0.562508 0.0634507 0.0362031
2 0.0609859 0.558453 0.118216 0.0273125
0 0.844354 0.572898 0.033169 0.0302969
0 0.883897 0.563273 0.0203756 0.0157969
0 0.786538 0.571742 0.0225117 0.0411406
2 0.573462 0.569875 0.0480516 0.0290312
