2 0.592836 0.267748 0.486359 0.268816
2 0.124766 0.244091 0.224094 0.225814
2 0.720969 0.851163 0.558063 0.297674
4 4.0 4.0 4.0 4.0
4 4.0 4.0 4.0 4.0
0 0.408289 0.815729 0.122359 0.368541
0 0.059625 0.728055 0.0354375 0.13907
0 0.764164 0.695063 0.0402969 0.0806977
0 0.585375 0.11796 0.034 0.0456448
0 0.509258 0.20259 0.0579531 0.072537
0 0.152258 0.712209 0.0321406 0.128901
0 0.70082 0.152822 0.0307031 0.115285
0 0.0827656 0.176913 0.0413125 0.0480761
0 0.571945 0.194292 0.0522969 0.076871
0 0.782836 0.155222 0.0261719 0.0874841
4 4.0 4.0 4.0 4.0
4 4.0 4.0 4.0 4.0
5 5.0 5.0 5.0 5.0
0 0.396758 0.635793 0.0381094 0.0590698
0 0.575789 0.68389 0.0362969 0.0570402
