2 0.318656 0.404792 0.244813 0.160625
2 0.541078 0.307521 0.090125 0.098375
2 0.912906 0.498927 0.16775 0.180646
2 0.195586 0.346073 0.204734 0.132938
2 0.0463438 0.364604 0.0926875 0.079375
2 0.778906 0.375021 0.212062 0.112792
6 6.0 6.0 6.0 6.0
2 0.540633 0.212917 0.0520781 0.0416667
2 0.559281 0.198281 0.078375 0.0357708
2 0.0849063 0.295771 0.169813 0.0705417
2 0.177664 0.227521 0.0956406 0.0535
2 0.641852 0.267635 0.136297 0.0951875
2 0.247406 0.25325 0.120781 0.05975
6 6.0 6.0 6.0 6.0
6 6.0 6.0 6.0 6.0
6 6.0 6.0 6.0 6.0
6 6.0 6.0 6.0 6.0
6 6.0 6.0 6.0 6.0
6 6.0 6.0 6.0 6.0
