0 0.474117 0.953213 0.00510938 0.0272022
0 0.806859 0.97626 0.00971875 0.0474792
2 0.560352 0.963019 0.0335469 0.0226039
2 0.449695 0.943047 0.0271406 0.0185042
4 0.914266 0.963684 0.0716563 0.0726316
0 0.460383 0.960803 0.00510938 0.00703601
0 0.549438 0.968019 0.00309375 0.00955679
0 0.398305 0.937936 0.00523438 0.0154848
0 0.367336 0.939612 0.00679687 0.0185042
0 0.57157 0.986828 0.00782813 0.0251801
0 0.782914 0.987798 0.00679687 0.0241274
0 0.187617 0.939363 0.0102656 0.0422715
2 0.320195 0.930097 0.0105156 0.0173684
2 0.344039 0.932673 0.00701563 0.0098338
2 0.428656 0.936316 0.027625 0.0240997
2 0.362359 0.935416 0.00853125 0.0127701
