2 0.319094 0.590153 0.0349687 0.0217217
2 0.296445 0.58342 0.0277656 0.0242925
2 0.277414 0.578868 0.0327656 0.0196698
2 0.143961 0.524623 0.0389219 0.0314623
2 0.25393 0.505094 0.0247969 0.0283962
2 0.881352 0.488078 0.0357344 0.0247406
2 0.200531 0.515448 0.0192187 0.0254717
6 6.0 6.0 6.0 6.0
6 6.0 6.0 6.0 6.0
2 0.248758 0.579045 0.0184844 0.0137028
2 0.0748906 0.535248 0.0399687 0.0366745
2 0.184273 0.516958 0.0360781 0.0352358
2 0.212664 0.513007 0.0250469 0.0273821
6 6.0 6.0 6.0 6.0
6 6.0 6.0 6.0 6.0
2 0.269828 0.505472 0.021625 0.0243396
