0 0.650969 0.532951 0.157 0.290585
0 0.813438 0.500691 0.138719 0.365035
0 0.682742 0.34315 0.0306719 0.114356
0 0.571414 0.442037 0.143453 0.415457
0 0.213758 0.374988 0.0353594 0.181686
0 0.0893359 0.363782 0.0518906 0.163724
0 0.570984 0.179871 0.017 0.045363
0 0.727422 0.168115 0.0140937 0.0519672
0 0.660906 0.243923 0.0177813 0.0378689
0 0.934906 0.27459 0.0190312 0.0271194
0 0.801078 0.168384 0.0224375 0.0583138
0 0.40682 0.379742 0.0467656 0.107541
0 0.738406 0.175059 0.0152187 0.0367681
