5 5.0 5.0 5.0 5.0
0 0.776773 0.645388 0.0392969 0.141082
0 0.734969 0.617953 0.0139063 0.0622588
0 0.810883 0.672929 0.0471094 0.184165
0 0.878258 0.635753 0.0257031 0.0905176
0 0.944031 0.695953 0.0922188 0.2728
0 0.13493 0.600835 0.0351406 0.1052
0 0.714242 0.620306 0.0231406 0.0851765
0 0.676375 0.609753 0.0112187 0.0520706
0 0.973578 0.594306 0.0388125 0.0651765
0 0.749633 0.627259 0.0278594 0.107788
0 0.694633 0.623471 0.0214219 0.0826118
0 0.837656 0.6276 0.0127188 0.0634353
5 5.0 5.0 5.0 5.0
5 5.0 5.0 5.0 5.0
0 0.397133 0.496494 0.0523281 0.0842353
