0 0.471594 0.711229 0.445875 0.43371
0 0.472852 0.503943 0.153672 0.494275
0 0.81125 0.727715 0.313469 0.49887
0 0.533992 0.352273 0.121203 0.551572
0 0.349656 0.331241 0.142313 0.573686
0 0.130344 0.702715 0.257812 0.439189
0 0.158625 0.365909 0.185781 0.611229
0 0.113945 0.0974447 0.0681094 0.186536
0 0.313133 0.553452 0.194391 0.585774
0 0.0749219 0.0855405 0.0739062 0.168133
0 0.675773 0.466204 0.133109 0.449607
0 0.715062 0.232838 0.156812 0.391523
0 0.841883 0.449091 0.182797 0.806781
