4 4.0 4.0 4.0 4.0
2 0.172445 0.639969 0.0850469 0.0801042
2 0.0519297 0.652156 0.0972656 0.0957292
2 0.763586 0.595052 0.0429844 0.0233125
2 0.583461 0.631687 0.0836406 0.0606667
2 0.67025 0.609552 0.0380937 0.0417292
2 0.685492 0.602802 0.0342656 0.0350208
2 0.833039 0.616292 0.0572969 0.0247083
2 0.816 0.746458 0.217719 0.254583
2 0.722664 0.585823 0.0213281 0.0111875
2 0.743781 0.581198 0.0119375 0.0098125
2 0.691617 0.588333 0.0313281 0.018375
2 0.814648 0.59251 0.0261094 0.0176042
6 6.0 6.0 6.0 6.0
