0 0.204633 0.792002 0.0366094 0.169953
0 0.239016 0.792892 0.0377188 0.160539
0 0.719531 0.777623 0.0445 0.161429
0 0.580797 0.696663 0.0277813 0.1137
0 0.593719 0.571616 0.0125 0.0570492
0 0.781133 0.669883 0.0341406 0.114052
0 0.685609 0.654672 0.0243125 0.0951991
0 0.550078 0.967658 0.0476875 0.064637
0 0.760508 0.94137 0.0480781 0.116604
0 0.779898 0.792869 0.0325156 0.146206
0 0.817492 0.786405 0.0382969 0.170094
0 0.475305 0.76308 0.0352656 0.163396
0 0.983727 0.731253 0.0325469 0.103396
