0 0.983406 0.332078 0.0331875 0.0516563
0 0.5625 0.532453 0.202542 0.543187
0 0.726542 0.294578 0.0839167 0.0835313
0 0.872281 0.139156 0.0430625 0.0359688
0 0.823365 0.141641 0.0603125 0.03275
0 0.684875 0.142906 0.043125 0.0330625
0 0.644656 0.141195 0.0460625 0.0337031
0 0.603719 0.14157 0.0305208 0.0321719
0 0.594479 0.128594 0.0467917 0.0565937
0 0.903844 0.0813828 0.0658542 0.0515156
0 0.18826 0.263695 0.0378125 0.0992344
0 0.406854 0.141336 0.0378333 0.0367969
0 0.445281 0.142883 0.0427708 0.0340469
