0 0.571552 0.842531 0.194062 0.314937
0 0.0761771 0.716195 0.133229 0.222172
0 0.250375 0.677281 0.0918333 0.127219
0 0.663083 0.571383 0.02125 0.0117656
0 0.172344 0.6865 0.0895625 0.171563
0 0.838469 0.654313 0.0811042 0.0372188
0 0.746438 0.680633 0.065125 0.106797
0 0.690698 0.57232 0.0191875 0.0162969
0 0.569125 0.57793 0.0332083 0.0199219
0 0.168156 0.530758 0.0199792 0.0275469
0 0.970865 0.561984 0.0105625 0.00834375
0 0.354865 0.803625 0.186062 0.372094
0 0.937781 0.926359 0.124437 0.147281
