2 0.787237 0.54193 0.0162395 0.00548437
5 0.76458 0.794789 0.0658824 0.266859
2 0.518761 0.748875 0.0498739 0.0235625
2 0.0681303 0.701492 0.0339496 0.0105469
6 0.514643 0.706883 0.0577311 0.0835469
6 0.478046 0.704406 0.0592017 0.0831875
2 0.266218 0.815266 0.0508403 0.0222188
2 0.0585189 0.719117 0.0547689 0.0160156
2 0.755935 0.527258 0.0234244 0.0123906
6 0.869433 0.895742 0.139076 0.0752344
6 0.0478151 0.788656 0.057605 0.0406875
6 0.689307 0.628586 0.0260084 0.0221719
6 0.614286 0.635602 0.0509244 0.0336719
6 0.328277 0.868109 0.104832 0.0525
2 0.0694748 0.707086 0.0498319 0.0186406
