2 0.754664 0.46793 0.0167969 0.0369772
3 0.0966641 0.657298 0.122109 0.204493
3 0.284266 0.593654 0.0377188 0.100849
3 0.527797 0.575652 0.05225 0.133251
4 0.959289 0.416004 0.0814219 0.0532505
3 0.420047 0.593458 0.0395625 0.124017
3 0.247094 0.572919 0.0467813 0.121822
3 0.488039 0.546563 0.0273594 0.0973913
3 0.318266 0.602712 0.0565312 0.138178
3 0.390648 0.592681 0.0272969 0.104948
3 0.508992 0.562774 0.0121719 0.0581781
3 0.597625 0.557867 0.0350937 0.101159
3 0.736992 0.574731 0.0519219 0.154058
3 0.64725 0.590663 0.0519063 0.132588
3 0.787742 0.574865 0.0478281 0.113251
0 0.324109 0.566542 0.08225 0.174161
