2 0.890336 0.525708 0.0458594 0.044
6 0.955797 0.511646 0.0884062 0.0860417
6 0.887344 0.526125 0.0485312 0.0425833
0 0.925922 0.627719 0.04375 0.0634375
0 0.52032 0.788229 0.0867656 0.183375
0 0.455039 0.746156 0.0593906 0.131729
0 0.792602 0.622646 0.0306406 0.0698333
0 0.289602 0.764062 0.149391 0.216917
0 0.210977 0.731406 0.0445469 0.120604
0 0.176703 0.681135 0.0403437 0.0995625
0 0.132445 0.662521 0.0344219 0.10875
0 0.392117 0.618573 0.0354219 0.0601458
0 0.641195 0.802771 0.136578 0.253875
0 0.740672 0.704958 0.0745 0.142333
0 0.112297 0.693021 0.0540625 0.108125
4 0.985891 0.498063 0.0282187 0.0585417
0 0.0778594 0.730708 0.0759688 0.11275
