4 4.0 4.0 4.0 4.0
4 4.0 4.0 4.0 4.0
6 6.0 6.0 6.0 6.0
0 0.482742 0.359356 0.0466406 0.207705
0 0.439562 0.587061 0.10675 0.33178
0 0.365398 0.433583 0.0690469 0.206042
0 0.845797 0.551932 0.0826875 0.407377
0 0.932461 0.567705 0.0840781 0.360281
0 0.719633 0.310667 0.0471094 0.174028
0 0.36818 0.309625 0.0475469 0.097377
0 0.476789 0.27226 0.0305156 0.0564169
0 0.540359 0.519649 0.0848437 0.292459
1 0.367961 0.491358 0.0570469 0.0766276
0 0.644961 0.342681 0.0391094 0.188314
0 0.833406 0.203302 0.0311563 0.083185
1 0.44882 0.675855 0.267797 0.349461
0 0.622867 0.251405 0.0224844 0.112319
0 0.678375 0.256042 0.0388437 0.094192
