0 0.557484 0.527775 0.210406 0.465527
0 0.712484 0.413653 0.0904062 0.218126
0 0.784484 0.38897 0.0674375 0.23733
0 0.842828 0.30767 0.0630625 0.28808
0 0.905578 0.361792 0.0749688 0.332576
0 0.980469 0.347482 0.0390625 0.329391
0 0.203906 0.244941 0.0839688 0.188759
0 0.0212656 0.177939 0.0398125 0.232787
0 0.328023 0.19 0.0497031 0.220234
0 0.891578 0.243056 0.038 0.100913
0 0.987273 0.402248 0.0254531 0.292131
0 0.180633 0.232869 0.0512344 0.153044
0 0.715344 0.330925 0.066625 0.167049
