2 0.921047 0.656844 0.080125 0.203229
2 0.942945 0.630479 0.114109 0.167
2 0.0290859 0.616563 0.0532344 0.0674583
4 0.595781 0.485385 0.675844 0.813479
0 0.074125 0.601583 0.0255937 0.126208
0 0.0530078 0.597635 0.0362031 0.132354
0 0.387297 0.537854 0.0918125 0.1215
0 0.243227 0.572417 0.0292969 0.0888333
0 0.0423516 0.564521 0.0143281 0.0512917
2 0.973203 0.591865 0.0535937 0.0768958
2 0.941313 0.545833 0.117375 0.0666667
0 0.0289922 0.572 0.0105156 0.02475
0 0.136492 0.551583 0.00739063 0.0530417
