2 0.428156 0.374115 0.237625 0.230979
3 0.459922 0.514792 0.0992187 0.179375
0 0.467703 0.372469 0.15 0.312354
6 6.0 6.0 6.0 6.0
0 0.917141 0.277094 0.0284375 0.0364792
0 0.618984 0.276438 0.0219062 0.0155833
2 0.210422 0.261896 0.0263437 0.0355833
2 0.00927344 0.348885 0.0185469 0.184271
6 6.0 6.0 6.0 6.0
6 6.0 6.0 6.0 6.0
2 0.268703 0.260354 0.026875 0.0184583
2 0.249727 0.261937 0.0179219 0.0171667
2 0.236805 0.259083 0.0207031 0.0282917
2 0.841367 0.281396 0.0674219 0.0288333
6 6.0 6.0 6.0 6.0
