0 0.490516 0.647763 0.127406 0.424333
0 0.949086 0.791417 0.101828 0.417166
0 0.924977 0.653326 0.105953 0.330913
0 0.850711 0.688759 0.103078 0.389836
0 0.671266 0.666194 0.111688 0.423021
0 0.422422 0.531991 0.061 0.241733
0 0.376344 0.600094 0.0664062 0.352553
0 0.310352 0.641569 0.104953 0.397752
0 0.240414 0.597201 0.0716406 0.3137
0 0.108523 0.633349 0.110266 0.393443
0 0.257125 0.448993 0.074625 0.102295
0 0.538695 0.605363 0.0686719 0.380375
0 0.161523 0.56267 0.0711719 0.307541
