2 0.661852 0.255725 0.111703 0.13429
2 0.530492 0.234676 0.0625156 0.126451
2 0.453914 0.221343 0.127422 0.123611
0 0.582922 0.287083 0.0562813 0.360895
0 0.316977 0.479738 0.120859 0.691451
0 0.819312 0.366296 0.0710313 0.323148
0 0.378695 0.210957 0.0701094 0.254074
0 0.0257578 0.210895 0.0198906 0.144136
0 0.745414 0.183673 0.00832813 0.0383951
0 0.120289 0.42679 0.188141 0.509012
2 0.646813 0.168225 0.078625 0.0729321
2 0.865773 0.205355 0.0247969 0.0639198
0 0.750227 0.183287 0.00298438 0.0207716
2 0.921195 0.205432 0.0221719 0.0501852
