2 0.917789 0.50861 0.164422 0.152687
2 0.319992 0.522956 0.0726719 0.0605374
2 0.380969 0.517675 0.0752188 0.0929206
2 0.0105 0.51507 0.0207813 0.065514
3 0.140156 0.509568 0.029875 0.0289019
0 0.688148 0.500981 0.0139844 0.0769626
0 0.703375 0.500093 0.0173125 0.0905607
0 0.720375 0.501869 0.0199375 0.0869626
0 0.656953 0.5059 0.0147813 0.0727804
0 0.171047 0.510713 0.0161563 0.0512383
0 0.19957 0.513201 0.0147344 0.0596262
6 6.0 6.0 6.0 6.0
6 6.0 6.0 6.0 6.0
0 0.282813 0.499077 0.00846875 0.0444626
0 0.979664 0.473037 0.0206406 0.021729
