0 0.368938 0.536655 0.0285 0.083986
0 0.176922 0.473753 0.03175 0.0951515
0 0.299086 0.286923 0.00589063 0.0188345
0 0.191352 0.279417 0.00704687 0.0262937
0 0.389641 0.548403 0.0139687 0.0243124
0 0.179547 0.299126 0.0110937 0.03
0 0.308672 0.274802 0.0058125 0.0163636
0 0.228742 0.2938 0.0145469 0.0158042
0 0.136477 0.376224 0.0296094 0.0585548
0 0.225148 0.271177 0.00885937 0.022634
0 0.161578 0.282867 0.014875 0.0261538
0 0.326164 0.28634 0.00660938 0.00983683
0 0.636898 0.487867 0.00860937 0.012704
