0 0.434242 0.42199 0.140422 0.380396
0 0.806211 0.801104 0.149328 0.223708
0 0.428078 0.96 0.0732812 0.08
0 0.871945 0.14976 0.0403281 0.130938
0 0.251969 0.098875 0.05225 0.0674167
0 0.796109 0.151146 0.0430313 0.14425
0 0.6405 0.0952396 0.0369375 0.0608125
0 0.61182 0.101833 0.0366719 0.0484167
0 0.362266 0.0974792 0.050125 0.06975
0 0.301687 0.0985521 0.0543438 0.0505625
0 0.291461 0.975979 0.0958281 0.0480417
0 0.144984 0.0538646 0.0359375 0.0641042
0 0.312758 0.0609271 0.0582656 0.0586042
