0 0.692125 0.826491 0.0249688 0.131948
0 0.329906 0.811761 0.0369063 0.118169
0 0.642391 0.913286 0.0434688 0.139624
0 0.424953 0.801232 0.0315625 0.0832629
0 0.451562 0.808357 0.0118125 0.0909859
0 0.060125 0.833122 0.04575 0.197089
0 0.544359 0.808744 0.0198125 0.0849061
0 0.564984 0.80716 0.023625 0.0909859
0 0.355313 0.810094 0.0235938 0.109577
0 0.726164 0.820235 0.0295781 0.143803
0 0.750664 0.833979 0.0341094 0.151432
0 0.525133 0.792934 0.0121094 0.0532864
0 0.137875 0.805376 0.0270937 0.078169
