0 0.491859 0.891521 0.009375 0.0524583
0 0.127047 0.900406 0.0294687 0.0546875
0 0.680727 0.885656 0.00642188 0.0283125
0 0.707117 0.885437 0.00529688 0.03075
0 0.702344 0.88749 0.00609375 0.0242292
0 0.483531 0.880281 0.0073125 0.0245625
0 0.529625 0.882667 0.01525 0.0400833
0 0.714055 0.88649 0.00689063 0.0296875
0 0.429742 0.873635 0.00582812 0.0197292
0 0.474078 0.875937 0.0038125 0.0164167
0 0.416633 0.872781 0.00629688 0.0168125
0 0.452461 0.868677 0.00660938 0.0258542
0 0.420852 0.858104 0.00723437 0.0137917
