0 0.164625 0.626944 0.0176875 0.0834426
0 0.506156 0.629871 0.0251563 0.0968384
0 0.608258 0.61966 0.0205781 0.0863934
0 0.557234 0.612717 0.0370625 0.0479625
0 0.687156 0.596499 0.02025 0.0355269
0 0.903273 0.729356 0.0493281 0.181382
0 0.488703 0.619251 0.018375 0.08726
0 0.665906 0.630375 0.0163438 0.0852459
0 0.645531 0.619906 0.0265937 0.0380796
0 0.521031 0.571838 0.0205625 0.077822
0 0.0784375 0.600445 0.0125938 0.0702576
0 0.8475 0.621335 0.016375 0.0366745
0 0.371234 0.634614 0.0259688 0.0885714
