0 0.675453 0.599098 0.211875 0.497728
0 0.504391 0.62733 0.0936875 0.172693
0 0.854461 0.315187 0.0589844 0.0769789
0 0.274172 0.620269 0.082875 0.164333
0 0.622344 0.634438 0.0485625 0.159415
0 0.890953 0.698091 0.142313 0.278946
0 0.776336 0.591838 0.0742969 0.269953
0 0.720242 0.610141 0.0620781 0.202576
0 0.355711 0.619274 0.0978594 0.17555
0 0.562102 0.304075 0.0613281 0.0859953
0 0.0356328 0.280398 0.0546719 0.0920375
0 0.898164 0.578044 0.0750156 0.145316
0 0.0854062 0.284204 0.0898438 0.0916393
