0 0.590458 0.353289 0.0769583 0.131078
0 0.35476 0.32875 0.0510208 0.0733125
0 0.19151 0.776125 0.382104 0.44775
0 0.152625 0.428523 0.194917 0.159109
0 0.165615 0.423688 0.247979 0.293406
0 0.8 0.649438 0.305625 0.656187
0 0.559854 0.38468 0.113875 0.166016
0 0.395458 0.493031 0.206458 0.325656
0 0.696406 0.275586 0.0556458 0.0970469
0 0.193177 0.316641 0.0816458 0.103125
0 0.174927 0.516555 0.124562 0.0800781
0 0.526406 0.310023 0.0886042 0.142859
0 0.900833 0.323211 0.0421667 0.0810469
