0 0.286117 0.226865 0.325047 0.248312
0 0.914609 0.752125 0.170781 0.364042
0 0.54232 0.304927 0.233734 0.457396
0 0.901125 0.317979 0.19775 0.424708
0 0.264695 0.169708 0.0241719 0.06825
0 0.8695 0.278812 0.0764062 0.0852917
0 0.682039 0.082125 0.0505469 0.0572083
0 0.131258 0.237948 0.228766 0.278562
0 0.418875 0.0831979 0.121094 0.166396
0 0.216867 0.153125 0.0532031 0.10275
0 0.0824844 0.14151 0.05275 0.113937
0 0.713961 0.15325 0.188953 0.3065
0 0.0295391 0.15676 0.0590781 0.0863125
