0 0.560883 0.649031 0.0623594 0.194646
0 0.288602 0.697052 0.0841719 0.252604
0 0.149555 0.773312 0.150328 0.333042
0 0.47593 0.694969 0.0515469 0.247646
0 0.630617 0.63025 0.0586406 0.146167
0 0.669836 0.737802 0.0874531 0.154229
0 0.784336 0.610979 0.0645469 0.171167
0 0.936703 0.670104 0.0507187 0.101417
0 0.723508 0.633323 0.0780781 0.167063
0 0.415109 0.724719 0.0761875 0.278688
0 0.443672 0.697417 0.0575625 0.221208
0 0.667969 0.626354 0.0325625 0.109542
0 0.731961 0.620958 0.0242656 0.163083
