0 0.308383 0.802508 0.132517 0.292703
0 0.616143 0.796625 0.109607 0.271906
0 0.267517 0.66618 0.0145727 0.0242969
0 0.44664 0.794164 0.15545 0.289047
0 0.958014 0.661078 0.022448 0.0481875
0 0.669388 0.652375 0.00612009 0.01525
0 0.813164 0.825133 0.142402 0.280797
0 0.40388 0.669289 0.0313626 0.0624531
0 0.490185 0.656078 0.0203233 0.0276563
0 0.571016 0.781305 0.0892379 0.224828
0 0.97888 0.662563 0.0135104 0.038875
0 0.426721 0.66307 0.0252194 0.0452969
0 0.306143 0.665813 0.0131178 0.0260312
