4 0.591195 0.567328 0.124078 0.310977
0 0.780594 0.572184 0.0138437 0.0613793
0 0.756422 0.555934 0.0110937 0.0432471
2 0.493508 0.589181 0.0693594 0.0331322
2 0.655805 0.593032 0.0143906 0.0510057
2 0.155477 0.573333 0.121797 0.0635632
2 0.660469 0.577888 0.020375 0.0388793
2 0.673945 0.571997 0.0125781 0.0192816
0 0.879625 0.556207 0.00946875 0.0316092
0 0.808508 0.570661 0.0153594 0.071092
0 0.624188 0.603434 0.0144375 0.0356034
0 0.746797 0.55602 0.0104063 0.0401437
0 0.550055 0.450991 0.0164219 0.0345115
0 0.612187 0.455187 0.023125 0.0351437
0 0.591352 0.447931 0.0268281 0.0478736
0 0.850164 0.540991 0.00682812 0.0245115
2 0.515359 0.588089 0.0338125 0.0342816
0 0.568875 0.449152 0.0199375 0.0426149
