0 0.779906 0.91951 0.106375 0.160979
0 0.271305 0.910969 0.143047 0.178021
0 0.500891 0.952083 0.0803438 0.0958333
0 0.0310078 0.961562 0.0376094 0.0653333
0 0.0572891 0.922625 0.0102344 0.0335417
0 0.0703828 0.920667 0.0106406 0.0368333
0 0.115094 0.919188 0.0117813 0.0400417
0 0.559586 0.908208 0.0169219 0.0499583
0 0.645437 0.901448 0.0195312 0.0550625
0 0.430305 0.96826 0.112234 0.0631042
0 0.607336 0.976354 0.0382031 0.0460833
0 0.900891 0.947281 0.0571562 0.0943958
0 0.428133 0.893271 0.0329219 0.066375
