5 5.0 5.0 5.0 5.0
0 0.448766 0.473797 0.0308437 0.0780962
0 0.735125 0.8191 0.104062 0.316862
0 0.894375 0.446119 0.0486875 0.121318
0 0.538547 0.841789 0.18775 0.316423
0 0.846359 0.440607 0.0361563 0.116151
0 0.794937 0.437218 0.0220938 0.0879079
0 0.828242 0.436287 0.0242031 0.115209
0 0.415547 0.459226 0.0266562 0.0638075
0 0.31907 0.470921 0.0279531 0.0510879
0 0.525313 0.454676 0.0295938 0.0701046
0 0.378547 0.458421 0.0225312 0.0658787
0 0.360797 0.460199 0.0230625 0.0726569
