0 0.573633 0.5764 0.260266 0.712361
0 0.753281 0.617782 0.204687 0.376577
0 0.938945 0.553887 0.0895781 0.154418
0 0.912641 0.403836 0.148156 0.315531
0 0.922383 0.229418 0.111234 0.179578
0 0.152336 0.573196 0.129391 0.130641
0 0.784609 0.34672 0.102188 0.162007
0 0.884992 0.150919 0.0719219 0.133035
0 0.729547 0.280599 0.0984375 0.166863
0 0.25307 0.536459 0.122609 0.16371
0 0.197648 0.42027 0.107484 0.190118
0 0.307109 0.426433 0.0995625 0.192395
0 0.14182 0.270017 0.107016 0.144081
