0 0.530937 0.784792 0.316125 0.430417
0 0.333867 0.653854 0.344109 0.310708
0 0.433281 0.636177 0.163375 0.252604
0 0.644016 0.640573 0.0894375 0.219688
0 0.752117 0.645687 0.128266 0.233125
0 0.0733125 0.752812 0.14325 0.467417
0 0.650133 0.542792 0.0395781 0.079875
0 0.471219 0.558885 0.0508125 0.101646
0 0.937906 0.755167 0.124188 0.488542
0 0.809828 0.768167 0.227531 0.426958
0 0.797164 0.534687 0.0507656 0.07375
0 0.381742 0.567417 0.0455156 0.096625
0 0.524367 0.615031 0.0741094 0.222771
