1 0.162508 0.625785 0.181828 0.178126
2 0.950141 0.447775 0.08125 0.0723653
0 0.345195 0.533361 0.0809219 0.333841
0 0.587727 0.606745 0.152922 0.534848
0 0.481641 0.548419 0.0815625 0.370328
0 0.680648 0.613595 0.0977656 0.458571
0 0.748687 0.576101 0.106281 0.405035
0 0.654219 0.531124 0.0704687 0.377518
0 0.543187 0.594555 0.0570312 0.394731
0 0.410336 0.565867 0.0607031 0.419508
0 0.165516 0.562201 0.08675 0.396721
0 0.426547 0.610105 0.0734687 0.44719
0 0.0552969 0.449918 0.0319688 0.115621
0 0.0154922 0.4526 0.0270781 0.110632
3 0.885203 0.624801 0.229594 0.344543
0 0.0776016 0.413244 0.0197031 0.0693911
