0 0.164359 0.739894 0.0182812 0.0580047
0 0.206523 0.741209 0.0153906 0.0583333
6 6.0 6.0 6.0 6.0
6 6.0 6.0 6.0 6.0
0 0.0833594 0.771561 0.0129688 0.0593192
0 0.139758 0.750047 0.0122031 0.0540376
0 0.21718 0.7248 0.00939062 0.0531221
0 0.186281 0.733592 0.015875 0.0634272
0 0.24807 0.73169 0.00982813 0.0585446
0 0.0716875 0.73966 0.007125 0.0345775
0 0.197492 0.732101 0.0115156 0.0579108
0 0.201484 0.690751 0.0118125 0.0262441
0 0.211344 0.696303 0.0124688 0.0311502
0 0.0331719 0.675587 0.0105313 0.0166667
0 0.0548984 0.675082 0.0126406 0.0121362
