6 0.736195 0.182906 0.278703 0.212354
0 0.440375 0.272062 0.0891563 0.161583
0 0.798141 0.257885 0.123313 0.186938
0 0.333422 0.272146 0.15075 0.235667
0 0.885961 0.308479 0.124203 0.348333
0 0.0278438 0.32849 0.0528125 0.0831458
0 0.503219 0.205135 0.048 0.0610208
0 0.410281 0.256479 0.0219375 0.0709167
0 0.539266 0.246365 0.0194062 0.0457708
0 0.0782422 0.224229 0.0196406 0.040375
0 0.0935859 0.225521 0.0165156 0.0507917
0 0.150984 0.348323 0.110094 0.400771
0 0.398008 0.246792 0.0140469 0.0361667
0 0.104844 0.225406 0.0214375 0.0549792
