4 4.0 4.0 4.0 4.0
0 0.326297 0.835957 0.163594 0.301133
0 0.598656 0.919102 0.179781 0.139336
0 0.366742 0.947197 0.118641 0.0831445
0 0.373359 0.224678 0.0837813 0.37166
0 0.299492 0.12792 0.0888906 0.17541
0 0.217828 0.231309 0.0825937 0.356133
0 0.70393 0.821611 0.128891 0.176426
0 0.564039 0.275488 0.0677344 0.175977
0 0.760914 0.342354 0.0901719 0.149707
0 0.454437 0.189609 0.132781 0.37543
0 0.625312 0.353936 0.0805 0.113145
0 0.133227 0.267188 0.101234 0.295352
3 0.789773 0.840918 0.107484 0.124688
0 0.669664 0.333213 0.0711406 0.117129
