0 0.28907 0.551683 0.243234 0.725837
0 0.599867 0.523875 0.182141 0.726912
0 0.773797 0.64494 0.130438 0.471912
0 0.920211 0.544542 0.0679531 0.219482
0 0.425766 0.506125 0.179781 0.745438
0 0.116852 0.609084 0.0864844 0.0884861
0 0.130109 0.46994 0.0820312 0.151355
0 0.960898 0.559323 0.0782031 0.198685
0 0.179898 0.624731 0.0382656 0.0800199
0 0.140133 0.581853 0.0804844 0.11745
0 0.903852 0.383436 0.0861406 0.1899
0 0.659602 0.160707 0.0670156 0.0993825
0 0.0476875 0.594562 0.0798125 0.137251
