0 0.436883 0.646328 0.164766 0.306423
0 0.349937 0.531454 0.0923125 0.182029
0 0.514883 0.575868 0.107828 0.254874
0 0.441953 0.475868 0.0436563 0.0590167
0 0.398664 0.489362 0.0553594 0.0936192
0 0.189766 0.672699 0.369188 0.639205
0 0.642016 0.572835 0.148344 0.175167
0 0.201961 0.482238 0.0667344 0.120544
0 0.331859 0.389634 0.0659375 0.108264
0 0.27318 0.403274 0.0512344 0.147469
0 0.11175 0.368567 0.05525 0.105084
0 0.837789 0.647636 0.183734 0.302762
0 0.749914 0.563724 0.0651719 0.108159
