1 0.295758 0.459194 0.0570156 0.135818
5 5.0 5.0 5.0 5.0
0 0.617234 0.865339 0.195625 0.269322
0 0.449469 0.618528 0.0923438 0.163925
0 0.597367 0.257301 0.0886719 0.208995
0 0.225641 0.49632 0.0902813 0.278201
0 0.123977 0.555339 0.0871719 0.18778
0 0.127555 0.465888 0.0457344 0.0914953
0 0.384609 0.582068 0.0764688 0.165911
0 0.92407 0.403271 0.0333594 0.115421
0 0.0798438 0.418329 0.0358125 0.161192
0 0.975875 0.488458 0.04825 0.0936449
0 0.566461 0.779346 0.157453 0.245047
0 0.866516 0.262313 0.0764375 0.141308
0 0.17257 0.407453 0.0156406 0.052243
