0 0.617711 0.194532 0.101953 0.235948
0 0.53525 0.197845 0.114219 0.221874
0 0.789523 0.211885 0.0886719 0.218946
0 0.901078 0.215351 0.128937 0.220211
0 0.750461 0.123208 0.0889531 0.240187
0 0.659578 0.113548 0.0966875 0.223208
0 0.233359 0.404754 0.0917188 0.435504
0 0.136094 0.206323 0.0875 0.165527
0 0.224781 0.207225 0.0912813 0.167143
0 0.350227 0.183946 0.134141 0.243443
0 0.95075 0.852283 0.0985 0.295433
0 0.368961 0.110328 0.169359 0.220656
0 0.372586 0.594813 0.253016 0.768829
