4 4.0 4.0 4.0 4.0
0 0.0912813 0.522115 0.0425312 0.135229
0 0.141383 0.493969 0.0305781 0.0557292
0 0.120234 0.504937 0.0277187 0.0966667
0 0.959172 0.482302 0.0146875 0.0753542
0 0.932742 0.482646 0.0204219 0.0642917
2 0.702703 0.476354 0.354719 0.346833
6 6.0 6.0 6.0 6.0
0 0.9915 0.506677 0.017 0.0816875
0 0.913039 0.47274 0.0103594 0.0703958
0 0.893977 0.476948 0.0139531 0.0578958
0 0.884148 0.481604 0.00870313 0.0542083
0 0.921594 0.47549 0.0105938 0.0599792
2 0.831586 0.588688 0.177547 0.1305
4 4.0 4.0 4.0 4.0
2 0.121758 0.596625 0.144328 0.291125
2 0.0151875 0.625469 0.0289063 0.284521
0 0.296531 0.498104 0.0573438 0.0973333
