0 0.372469 0.611238 0.0573125 0.215711
0 0.641594 0.57549 0.0455938 0.126814
0 0.413852 0.567071 0.0380156 0.107623
0 0.838828 0.7344 0.0478438 0.22375
0 0.835695 0.61576 0.0480156 0.158186
0 0.934891 0.596875 0.0275938 0.144681
0 0.206141 0.412549 0.0185 0.0345588
0 0.346078 0.399191 0.0160938 0.052598
0 0.500539 0.414461 0.0205156 0.0311765
0 0.971375 0.76848 0.0399062 0.265882
0 0.553508 0.41163 0.0218281 0.0584069
0 0.521914 0.415588 0.0231406 0.0577451
0 0.231141 0.4 0.022875 0.0530392
