0 0.865648 0.242159 0.0400469 0.0522026
0 0.790063 0.252247 0.0750938 0.0878414
0 0.814266 0.627059 0.084875 0.158524
0 0.825195 0.744945 0.349609 0.487643
0 0.721336 0.646068 0.0621719 0.186498
0 0.623516 0.645022 0.0833125 0.129471
0 0.389734 0.719846 0.0905 0.396476
0 0.32293 0.646597 0.0629531 0.131167
0 0.262906 0.715804 0.0777188 0.269009
0 0.676695 0.680011 0.130172 0.206894
0 0.229484 0.654967 0.0478125 0.122093
0 0.149453 0.743106 0.111156 0.325022
0 0.476297 0.571432 0.392469 0.84674
