1 0.495019 0.669352 0.0653096 0.116953
2 0.560497 0.577836 0.0644841 0.0247969
2 0.392533 0.572805 0.0618386 0.0389219
2 0.225497 0.577891 0.0281426 0.015625
2 0.18621 0.580586 0.0267542 0.0167969
4 4.0 4.0 4.0 4.0
0 0.49106 0.615344 0.0767167 0.154875
0 0.150206 0.837258 0.170882 0.319953
6 6.0 6.0 6.0 6.0
0 0.0525141 0.854813 0.105028 0.148313
0 0.903668 0.520211 0.0426829 0.0308594
2 0.430638 0.575992 0.0329456 0.0232031
2 0.491782 0.583844 0.090469 0.0387813
2 0.218462 0.574578 0.0206379 0.0171875
2 0.544315 0.567469 0.0443527 0.0163438
2 0.44666 0.57143 0.0183114 0.0100781
2 0.243368 0.579445 0.0151032 0.0286406
