0 0.361375 0.513344 0.215719 0.502604
0 0.377172 0.475292 0.0562813 0.360167
0 0.431562 0.479344 0.0980313 0.324521
0 0.624055 0.436135 0.0683906 0.293646
0 0.750539 0.397437 0.0623906 0.231042
0 0.791289 0.409677 0.0493906 0.203313
0 0.935961 0.403031 0.0592031 0.188188
0 0.252391 0.390229 0.0338125 0.0707083
0 0.966258 0.347396 0.0185156 0.093625
0 0.0948125 0.483469 0.105 0.416938
0 0.290906 0.312927 0.03875 0.0736458
0 0.215641 0.37149 0.0362188 0.132479
2 0.179977 0.330167 0.0473281 0.073625
0 0.380383 0.290333 0.00979688 0.0190833
2 0.831469 0.316667 0.0556562 0.05
2 0.926109 0.272604 0.0252812 0.0295
2 0.898719 0.269635 0.0121875 0.0176875
2 0.389117 0.296458 0.0117344 0.0109583
