0 0.382766 0.661841 0.186625 0.676319
0 0.176367 0.637051 0.296016 0.725897
0 0.809047 0.645247 0.276313 0.709505
0 0.665469 0.503562 0.0520938 0.193974
0 0.633188 0.477363 0.0304375 0.114762
0 0.604758 0.474881 0.0322656 0.112546
0 0.468156 0.487921 0.0385937 0.137234
0 0.937047 0.473132 0.0542813 0.1637
0 0.102633 0.464789 0.0497656 0.085989
0 0.556477 0.492363 0.0480469 0.0789377
0 0.243898 0.527701 0.0338906 0.0658791
0 0.01 0.524222 0.0189687 0.0824359
0 0.453383 0.468104 0.0190469 0.0970147
