2 0.85843 0.981944 0.0755781 0.0361124
2 0.858539 0.972681 0.0769844 0.054637
2 0.224898 0.587705 0.0283281 0.0334895
2 0.182328 0.535304 0.0199063 0.0196487
2 0.202844 0.562986 0.0161875 0.028548
2 0.806766 0.940141 0.0596563 0.0452927
6 6.0 6.0 6.0 6.0
6 6.0 6.0 6.0 6.0
6 6.0 6.0 6.0 6.0
6 6.0 6.0 6.0 6.0
6 6.0 6.0 6.0 6.0
2 0.24682 0.564087 0.0188594 0.0225059
2 0.251594 0.59123 0.02425 0.0287354
2 0.274852 0.627951 0.0300781 0.0418033
2 0.307234 0.631581 0.02725 0.0314988
6 6.0 6.0 6.0 6.0
2 0.282109 0.563232 0.020625 0.0177518
