0 0.865273 0.465386 0.0275469 0.0359719
0 0.657961 0.403396 0.0171094 0.0326932
0 0.472914 0.380164 0.0105156 0.0461827
0 0.513008 0.386874 0.00951562 0.0134192
0 0.560102 0.393782 0.00914062 0.0325293
0 0.876563 0.329801 0.00978125 0.0107494
0 0.612266 0.391218 0.0260312 0.0469789
0 0.68293 0.403255 0.0148281 0.0431382
0 0.672484 0.394321 0.009625 0.0391803
0 0.755391 0.401522 0.01325 0.0465105
0 0.70682 0.400843 0.0137656 0.0321311
0 0.905383 0.462529 0.0200469 0.0600937
0 0.888617 0.480749 0.0188594 0.0248712
