0 0.524789 0.592901 0.140078 0.276078
0 0.137453 0.601147 0.18 0.255092
0 0.473805 0.631846 0.0580469 0.166399
0 0.762352 0.624644 0.0249531 0.0687385
0 0.851836 0.615161 0.0837031 0.229954
0 0.0565156 0.629128 0.0299687 0.0824771
1 0.739016 0.6293 0.02775 0.064656
0 0.320492 0.635677 0.0181406 0.0615826
0 0.266406 0.635505 0.017625 0.0662385
0 0.987133 0.609243 0.0197344 0.087844
0 0.910281 0.627282 0.023 0.0670872
0 0.969383 0.625665 0.0185469 0.0662844
0 0.915133 0.586433 0.0177969 0.0330505
