1 0.0973176 0.417898 0.104141 0.0839844
2 0.847059 0.413797 0.298588 0.140094
2 0.688294 0.352039 0.161576 0.0625781
0 0.448388 0.561805 0.287647 0.588766
0 0.720235 0.350992 0.0472941 0.0797031
0 0.572871 0.352234 0.0416 0.0870937
0 0.807541 0.30393 0.0169176 0.0308906
0 0.598553 0.360328 0.0303294 0.093125
0 0.150176 0.378547 0.0824706 0.110531
0 0.860035 0.312539 0.0218588 0.0486406
0 0.899388 0.307555 0.0168 0.0397656
0 0.786024 0.332891 0.0368471 0.0342812
0 0.831859 0.330523 0.0192 0.0187344
0 0.357682 0.341461 0.0459059 0.0623906
0 0.521529 0.33268 0.0384941 0.0385781
0 0.791906 0.298 0.0206588 0.0365938
