0 0.334352 0.523138 0.243984 0.930023
0 0.674523 0.635749 0.138984 0.469766
0 0.703211 0.642635 0.119016 0.525082
0 0.628289 0.605386 0.131641 0.417049
0 0.241383 0.628525 0.0419844 0.215738
0 0.415906 0.571569 0.06275 0.328946
0 0.523539 0.620843 0.0580469 0.233021
0 0.945031 0.448478 0.0469375 0.145246
0 0.606031 0.539403 0.0421875 0.187799
0 0.573273 0.607799 0.0525156 0.320656
0 0.846008 0.502248 0.0450781 0.0855738
0 0.511531 0.561593 0.0610625 0.29644
0 0.102617 0.568677 0.0228281 0.102881
