2 0.892383 0.38696 0.215234 0.260728
2 0.654492 0.239272 0.109109 0.089061
6 6.0 6.0 6.0 6.0
0 0.215617 0.313216 0.0976719 0.194131
0 0.106492 0.418181 0.101641 0.452746
0 0.292258 0.317887 0.0552656 0.0676995
2 0.926875 0.189554 0.0573438 0.0697183
0 0.839641 0.226244 0.0305 0.0777465
0 0.963266 0.181092 0.00921875 0.0301643
0 0.298406 0.219178 0.01425 0.0585446
0 0.271211 0.224742 0.0147344 0.0506573
0 0.255172 0.228967 0.022875 0.074554
0 0.236672 0.227817 0.0163438 0.0701408
2 0.876656 0.190974 0.0445938 0.0301643
6 6.0 6.0 6.0 6.0
0 0.892203 0.214143 0.020375 0.0967371
0 0.903164 0.181913 0.00864063 0.0201643
2 0.862844 0.216925 0.0456875 0.0670423
2 0.304844 0.215317 0.0526563 0.0400235
2 0.975586 0.18561 0.0488281 0.0407042
