4 4.0 4.0 4.0 4.0
0 0.120336 0.568492 0.0671406 0.243228
0 0.00914844 0.56635 0.0182969 0.266709
0 0.438742 0.429968 0.0731406 0.110316
0 0.876531 0.286203 0.0225625 0.0466667
0 0.229094 0.453228 0.017 0.0272152
0 0.245687 0.449093 0.0167187 0.0385232
0 0.194758 0.4502 0.0167344 0.0285443
6 6.0 6.0 6.0 6.0
4 4.0 4.0 4.0 4.0
0 0.136516 0.465411 0.0246875 0.0451688
2 0.942805 0.916276 0.114391 0.141498
0 0.215805 0.449146 0.0160156 0.0359705
0 0.222117 0.439958 0.00889063 0.0248945
6 6.0 6.0 6.0 6.0
