0 0.273219 0.363326 0.02475 0.104778
0 0.102805 0.355504 0.0315469 0.121686
0 0.0366641 0.39055 0.0613281 0.145738
0 0.132289 0.351956 0.0546094 0.144567
0 0.799781 0.357892 0.0453125 0.11363
0 0.210633 0.40726 0.0332656 0.0995785
6 0.529312 0.577389 0.783125 0.681756
6 0.971672 0.312646 0.0566562 0.0990632
0 0.981664 0.43089 0.0366719 0.169742
0 0.158203 0.444567 0.0801875 0.165621
2 0.811148 0.355222 0.104234 0.114754
0 0.732922 0.347799 0.0404687 0.104543
0 0.247086 0.366674 0.0307344 0.107307
2 0.971273 0.372237 0.0574531 0.121382
0 0.58082 0.340948 0.0382344 0.0635831
0 0.855055 0.355094 0.00564062 0.0165105
0 0.358266 0.347143 0.0474375 0.11274
