0 0.5945 0.194698 0.08625 0.131072
0 0.719023 0.522778 0.200797 0.711715
0 0.916844 0.52809 0.144094 0.350565
0 0.309328 0.523704 0.170344 0.362417
0 0.312578 0.322437 0.118656 0.207018
0 0.421844 0.351891 0.0838437 0.139454
0 0.585414 0.0816472 0.111672 0.155068
0 0.0918672 0.502242 0.172922 0.375283
0 0.30032 0.134903 0.147391 0.160409
0 0.512984 0.260809 0.1235 0.176862
0 0.697937 0.172173 0.105656 0.196394
0 0.0520234 0.0630117 0.104047 0.126023
0 0.466688 0.533733 0.172187 0.322203
