0 0.122148 0.709774 0.0451094 0.133071
0 0.331352 0.714869 0.0354844 0.10731
0 0.402719 0.716548 0.0343125 0.111952
0 0.468117 0.722417 0.0262656 0.0916429
0 0.522516 0.718262 0.028375 0.096619
0 0.244805 0.707869 0.0472031 0.125833
0 0.574555 0.716905 0.0280469 0.082
0 0.661602 0.718238 0.0200156 0.0759048
0 0.802359 0.709286 0.0188125 0.067381
0 0.83618 0.712643 0.0167031 0.0550476
0 0.62782 0.7185 0.0290469 0.0793333
0 0.701523 0.714821 0.0219219 0.0722143
0 0.73493 0.716869 0.0218906 0.0669762
