2 0.892609 0.364344 0.214781 0.186271
0 0.302602 0.372583 0.0929531 0.174
0 0.274125 0.535906 0.165688 0.446271
0 0.108516 0.533479 0.192812 0.444042
0 0.451398 0.544417 0.163797 0.445
0 0.72157 0.443437 0.132141 0.326542
0 0.82393 0.553802 0.265922 0.477229
0 0.422781 0.36599 0.145844 0.154271
0 0.757586 0.433708 0.0927031 0.305625
0 0.550602 0.390479 0.0525781 0.135667
6 0.830195 0.244156 0.339609 0.280521
0 0.588266 0.31849 0.0511875 0.0583125
0 0.594578 0.450365 0.152938 0.286187
