0 0.328689 0.808547 0.104543 0.127719
0 0.0909485 0.569016 0.0777752 0.029
0 0.0642037 0.497297 0.0610539 0.0492812
0 0.687494 0.312594 0.0340515 0.0626875
0 0.835234 0.365445 0.0753864 0.0701094
0 0.283899 0.413773 0.0579157 0.0421406
0 0.490574 0.18093 0.0478923 0.0284531
0 0.241429 0.0880156 0.0154567 0.0112812
0 0.0645316 0.967656 0.128267 0.0646875
0 0.0927518 0.423117 0.0408197 0.0517656
0 0.549625 0.328969 0.0398126 0.049125
0 0.557974 0.16882 0.0544028 0.0404531
0 0.854754 0.318586 0.0498361 0.0561094
