2 0.139602 0.436831 0.0287031 0.0334742
2 0.180555 0.422782 0.0137344 0.0105869
2 0.104656 0.460798 0.071125 0.0687324
2 0.167727 0.445528 0.0398281 0.0433568
0 0.663312 0.635305 0.140406 0.501549
0 0.819758 0.573862 0.107297 0.397723
0 0.733 0.521937 0.0629062 0.268239
0 0.837867 0.294871 0.0181406 0.102606
0 0.234688 0.450927 0.0170625 0.0819484
0 0.252648 0.478239 0.0245156 0.115399
0 0.315203 0.462031 0.0162813 0.11054
0 0.362883 0.522312 0.0402969 0.243545
0 0.287195 0.556174 0.0837656 0.285399
0 0.549656 0.37561 0.0162813 0.0382629
0 0.751219 0.392805 0.0276875 0.0529812
2 0.0197188 0.435822 0.0205 0.0223944
0 0.891516 0.560387 0.171719 0.451573
2 0.0595078 0.53615 0.117797 0.182535
0 0.775898 0.413897 0.0304844 0.0968075
