1 0.859008 0.813807 0.0582031 0.0921663
2 0.511008 0.767243 0.101828 0.0954486
0 0.294773 0.806761 0.0701406 0.209278
0 0.0377109 0.782429 0.0754219 0.192079
0 0.158352 0.798556 0.0879219 0.233042
0 0.222594 0.786816 0.07875 0.200066
0 0.390336 0.793611 0.0579531 0.195405
0 0.448586 0.806193 0.0825781 0.207571
0 0.570281 0.827396 0.0626875 0.178906
0 0.634516 0.807418 0.0557813 0.177812
0 0.725641 0.817943 0.0438125 0.16779
0 0.751992 0.837462 0.0602344 0.169103
2 0.0814844 0.676597 0.0446875 0.0412035
2 0.156555 0.734792 0.0925156 0.117374
2 0.0119219 0.705514 0.0238438 0.0834573
2 0.109195 0.684989 0.0308906 0.0396499
2 0.383148 0.737637 0.0970781 0.0697155
0 0.948859 0.840777 0.0506562 0.166455
2 0.262445 0.716893 0.0404219 0.051291
0 0.331094 0.783939 0.0347812 0.169278
0 0.613375 0.80267 0.049375 0.160175
2 0.943211 0.743381 0.0676406 0.0246171
