5 5.0 5.0 5.0 5.0
0 0.353367 0.578703 0.0957656 0.307407
0 0.0964922 0.776565 0.0685469 0.331215
0 0.639492 0.516075 0.0427344 0.0990187
0 0.283031 0.488972 0.0399687 0.146402
0 0.775383 0.4966 0.0193281 0.105117
0 0.196492 0.458049 0.0186094 0.0829206
0 0.0345625 0.670783 0.063125 0.617967
0 0.42825 0.530596 0.0547188 0.238855
0 0.389383 0.565175 0.0495156 0.281285
0 0.357703 0.453364 0.0368125 0.117056
0 0.306398 0.451484 0.0241094 0.0736682
0 0.585961 0.535946 0.0584844 0.194743
0 0.17275 0.445234 0.0121563 0.0464486
