2 0.140492 0.638425 0.0252969 0.0376453
4 0.745164 0.707171 0.165328 0.125841
4 0.516109 0.846498 0.187156 0.265168
4 0.0942891 0.853685 0.0706094 0.256177
4 0.0486875 0.726682 0.097375 0.141254
4 0.0120313 0.846636 0.0240625 0.201774
0 0.0891953 0.654847 0.00795313 0.0268807
6 0.465125 0.60763 0.0545937 0.0672477
3 0.251437 0.983869 0.012625 0.0306728
6 0.572656 0.646789 0.110594 0.0778593
6 0.891133 0.847722 0.181453 0.162905
6 0.238195 0.555489 0.0485469 0.0602752
3 0.710141 0.749052 0.0269062 0.0404893
3 0.586 0.723012 0.020125 0.0265749
