2 0.850814 0.684719 0.0392484 0.060875
2 0.975261 0.702195 0.0494781 0.0339531
0 0.630115 0.717633 0.159436 0.380484
0 0.221608 0.657617 0.319708 0.673828
0 0.319635 0.698687 0.15096 0.3395
0 0.406837 0.696633 0.141106 0.314609
0 0.798967 0.697914 0.0898747 0.208359
0 0.505292 0.673859 0.0391858 0.084875
0 0.555856 0.67907 0.0648643 0.160859
0 0.0348017 0.606484 0.0696033 0.0932187
0 0.692474 0.710711 0.137307 0.332109
0 0.894134 0.703836 0.0936117 0.199516
0 0.0673591 0.620414 0.0356785 0.0747031
