4 0.23892 0.381396 0.20308 0.0784685
4 0.48708 0.390661 0.18364 0.0874474
4 0.7534 0.388619 0.19392 0.0646246
0 0.92227 0.655706 0.12514 0.586126
0 0.78486 0.615045 0.07036 0.285646
0 0.72234 0.444865 0.01736 0.0714715
0 0.3579 0.742763 0.07708 0.128348
0 0.68208 0.437628 0.01096 0.0462462
0 0.61476 0.46982 0.01892 0.0745345
0 0.34379 0.603348 0.02818 0.114565
0 0.30519 0.57455 0.0169 0.0608709
0 0.09562 0.636396 0.03984 0.066006
0 0.10712 0.580315 0.01932 0.0635736
0 0.163 0.574625 0.02056 0.0694895
0 0.2205 0.575195 0.0294 0.061982
0 0.75585 0.46976 0.02462 0.0958559
