2 0.541789 0.76076 0.0631094 0.0491042
2 0.507453 0.56475 0.0274687 0.040875
2 0.416383 0.651062 0.0508281 0.0301667
2 0.409602 0.93999 0.466578 0.120021
2 0.370695 0.848917 0.166859 0.058875
2 0.401945 0.834323 0.105609 0.0789375
2 0.353656 0.801292 0.0747188 0.0404167
2 0.387039 0.772594 0.0780781 0.0471875
2 0.373539 0.755 0.0733281 0.047875
2 0.40093 0.723219 0.0670781 0.0768958
2 0.403117 0.684021 0.0613906 0.0409167
2 0.604867 0.899646 0.143828 0.172667
6 6.0 6.0 6.0 6.0
6 6.0 6.0 6.0 6.0
2 0.577031 0.836135 0.155062 0.101396
