0 0.0580469 0.43606 0.116094 0.327332
0 0.535539 0.615998 0.272359 0.504514
0 0.921227 0.276995 0.0992969 0.154539
0 0.805336 0.187693 0.0822656 0.172693
0 0.731445 0.214913 0.0808281 0.227531
0 0.507508 0.286633 0.0619844 0.164439
0 0.447063 0.410125 0.140656 0.406733
0 0.337492 0.369177 0.115078 0.258753
0 0.849414 0.621945 0.278984 0.509925
0 0.513656 0.225249 0.115625 0.272294
0 0.864648 0.175287 0.0492656 0.196509
0 0.161109 0.667531 0.312469 0.664938
0 0.80818 0.295 0.102984 0.164364
