0 0.232414 0.70877 0.188172 0.232951
0 0.127438 0.658431 0.131937 0.310117
0 0.531336 0.643068 0.182016 0.342482
0 0.58957 0.458056 0.0491406 0.226838
0 0.541859 0.4224 0.0724687 0.209063
0 0.733031 0.467752 0.0627188 0.247916
0 0.916273 0.453888 0.0600781 0.254005
0 0.970531 0.458009 0.0588437 0.243934
0 0.856867 0.454789 0.0828281 0.260585
0 0.399562 0.286136 0.0434688 0.105621
0 0.285609 0.501124 0.0644687 0.193255
0 0.659703 0.504778 0.0646562 0.183044
0 0.0460078 0.170878 0.0706719 0.13726
