0 0.336969 0.504458 0.106 0.514667
0 0.660672 0.529219 0.128094 0.483146
0 0.511266 0.467948 0.177344 0.386396
0 0.505266 0.522792 0.101531 0.484042
0 0.239211 0.307594 0.00651562 0.0108125
0 0.236813 0.289229 0.0039375 0.0045
0 0.112148 0.284083 0.00348438 0.00758333
0 0.0956719 0.278635 0.0044375 0.0066875
0 0.93043 0.330635 0.0165156 0.0140625
0 0.151086 0.282229 0.00664062 0.00525
0 0.981633 0.361896 0.00482812 0.00429167
0 0.940156 0.350719 0.00434375 0.0034375
0 0.889742 0.345323 0.00664062 0.0069375
