0 0.339836 0.201554 0.0398594 0.0782944
0 0.566047 0.22743 0.039625 0.157056
0 0.626687 0.228692 0.0361875 0.148505
0 0.759172 0.223727 0.0433438 0.152126
0 0.805406 0.241016 0.053125 0.138481
0 0.319484 0.242196 0.0510312 0.13986
0 0.218336 0.20014 0.0433281 0.0807009
0 0.415969 0.214825 0.0343437 0.154883
0 0.199539 0.172722 0.0141094 0.0263318
0 0.500625 0.231554 0.0601875 0.152593
0 0.473984 0.231659 0.0385313 0.156636
0 0.825258 0.1884 0.0257344 0.0895093
0 0.601719 0.228808 0.05125 0.14271
