0 0.535667 0.604672 0.125 0.184625
0 0.0739271 0.677195 0.147854 0.183828
0 0.270187 0.831852 0.08375 0.0605156
0 0.482281 0.842984 0.0946458 0.0574375
0 0.53949 0.917234 0.120063 0.0624375
0 0.877135 0.901922 0.0819375 0.0482812
0 0.731031 0.0990547 0.0356042 0.0241406
0 0.985365 0.18118 0.0292708 0.0991719
0 0.605865 0.0518672 0.0243125 0.0459531
0 0.529687 0.987398 0.07075 0.0252031
0 0.489094 0.0525391 0.0477292 0.0415469
0 0.438823 0.0511797 0.0337292 0.0384844
0 0.897656 0.740312 0.119979 0.147531
