0 0.529328 0.222086 0.038875 0.0932571
0 0.475086 0.151714 0.0321406 0.0713143
0 0.907031 0.273557 0.0349062 0.0448857
0 0.679641 0.157014 0.02025 0.0538571
0 0.861797 0.162414 0.0331562 0.0842
0 0.822555 0.212129 0.0407656 0.0778
0 0.944172 0.171157 0.0261562 0.0786571
0 0.215484 0.221414 0.058375 0.111171
0 0.288609 0.118243 0.0247188 0.0664857
0 0.585789 0.2758 0.0345781 0.0432571
0 0.574273 0.214186 0.0355469 0.0836286
0 0.676422 0.208671 0.0327188 0.0893429
0 0.928977 0.208657 0.0426094 0.0909143
