0 0.622156 0.896302 0.217906 0.207396
0 0.552063 0.697792 0.151125 0.431333
0 0.877273 0.459896 0.00895313 0.04975
0 0.753477 0.780354 0.181391 0.255917
0 0.934898 0.721573 0.129672 0.469104
0 0.912125 0.535521 0.0601563 0.161708
0 0.821828 0.566948 0.0614375 0.171187
0 0.642062 0.537969 0.045625 0.102479
0 0.414664 0.54101 0.0501094 0.111896
0 0.260336 0.567927 0.107828 0.171813
0 0.247578 0.828052 0.22375 0.309104
0 0.191906 0.57001 0.0641875 0.122729
0 0.0998359 0.548583 0.0225156 0.0910417
