4 4.0 4.0 4.0 4.0
5 5.0 5.0 5.0 5.0
6 6.0 6.0 6.0 6.0
6 6.0 6.0 6.0 6.0
0 0.184914 0.550885 0.0177031 0.0712708
0 0.324562 0.491125 0.0164375 0.0553333
0 0.306297 0.491031 0.0122188 0.0474792
0 0.282523 0.499104 0.00829687 0.04625
0 0.248875 0.504792 0.0121563 0.0583333
0 0.173078 0.531583 0.0119063 0.057375
0 0.711523 0.500979 0.0190781 0.0459583
0 0.120023 0.53675 0.00764062 0.03575
0 0.0543359 0.585667 0.0125781 0.0464583
0 0.288359 0.490448 0.00646875 0.0493542
0 0.264961 0.48076 0.00820313 0.0468958
0 0.749719 0.598031 0.0139687 0.0726458
2 0.655414 0.374771 0.0187656 0.032
0 0.322719 0.442094 0.00571875 0.0118542
