0 0.382875 0.566182 0.208437 0.646268
0 0.907594 0.530897 0.15175 0.616097
0 0.292711 0.5 0.341391 0.955043
0 0.731086 0.444558 0.0480781 0.0974929
0 0.534297 0.567393 0.125937 0.375242
0 0.652398 0.446809 0.0386094 0.0919088
0 0.08425 0.602322 0.109 0.381396
0 0.125 0.603647 0.088125 0.380114
0 0.106828 0.141624 0.0759688 0.236296
0 0.719844 0.336254 0.0749062 0.248632
0 0.510234 0.391011 0.0591563 0.170798
0 0.296422 0.248063 0.0602188 0.313219
0 0.365539 0.207578 0.0505156 0.148718
