5 5.0 5.0 5.0 5.0
5 5.0 5.0 5.0 5.0
5 5.0 5.0 5.0 5.0
0 0.523789 0.935209 0.0349844 0.0684661
0 0.387031 0.942799 0.0306875 0.0987849
0 0.866922 0.357221 0.0175625 0.0426096
0 0.368289 0.917988 0.0286094 0.0801992
0 0.33925 0.913645 0.0308437 0.111036
0 0.303414 0.867191 0.0315781 0.0923108
0 0.862727 0.729831 0.0337656 0.11751
0 0.695812 0.935508 0.0252812 0.07249
0 0.700117 0.599771 0.0176406 0.0263944
0 0.436406 0.775239 0.0260625 0.0934263
0 0.458625 0.773875 0.0242188 0.0836454
0 0.789281 0.675239 0.0278438 0.0570518
0 0.9105 0.713865 0.0300625 0.0741434
