0 0.476021 0.523594 0.276831 0.723594
0 0.1098 0.486227 0.127207 0.258172
0 0.857383 0.448344 0.110023 0.196594
0 0.802641 0.39968 0.0297887 0.0596719
0 0.568685 0.413336 0.051831 0.0906719
0 0.17581 0.438742 0.0808216 0.144766
0 0.0196596 0.445711 0.0393192 0.190703
0 0.336291 0.401 0.0514554 0.0944688
0 0.988404 0.412453 0.0179812 0.0550625
0 0.307559 0.401234 0.0261033 0.0863437
0 0.286937 0.402633 0.0303052 0.0856719
0 0.269636 0.405305 0.0188498 0.0717031
0 0.738885 0.415594 0.0556573 0.0779688
