0 0.492125 0.585585 0.250937 0.8063
0 0.75393 0.555 0.0585156 0.269204
0 0.815297 0.565035 0.089375 0.274192
0 0.756383 0.603115 0.0723594 0.145808
0 0.604078 0.454016 0.0259062 0.0418033
0 0.175617 0.420187 0.0274531 0.0709133
0 0.14768 0.389836 0.0262656 0.0464637
0 0.0532734 0.422436 0.0208594 0.0497424
0 0.0896641 0.494918 0.0269219 0.0427166
0 0.956219 0.563665 0.0282187 0.067377
0 0.686305 0.557471 0.0308906 0.067541
0 0.159711 0.513033 0.0170781 0.028829
0 0.264531 0.556932 0.036625 0.0912881
