2 0.0155859 0.266111 0.0311719 0.0769504
0 0.561719 0.503948 0.383437 0.992104
0 0.290375 0.509787 0.165125 0.657825
0 0.813227 0.541619 0.0738906 0.23052
0 0.856602 0.304823 0.0365781 0.115414
0 0.818594 0.285213 0.032375 0.110378
0 0.938945 0.26117 0.0215781 0.0818203
0 0.903852 0.219775 0.0129219 0.0548227
0 0.903383 0.495733 0.125672 0.394634
2 0.844477 0.217955 0.0277031 0.058227
2 0.895852 0.208759 0.0163281 0.0302837
2 0.862297 0.197589 0.0138125 0.0156974
2 0.856992 0.203842 0.0105469 0.0171868
