0 0.0764688 0.351273 0.0719687 0.165911
0 0.209242 0.385409 0.0601094 0.247734
0 0.26407 0.356799 0.0242031 0.173131
0 0.278445 0.362395 0.0417656 0.213902
0 0.543391 0.346577 0.0959062 0.225584
0 0.363711 0.30653 0.0503594 0.116986
0 0.414477 0.291145 0.0620156 0.0911682
0 0.691836 0.3909 0.105016 0.45764
0 0.588281 0.376659 0.0532188 0.268832
0 0.629992 0.410689 0.0366094 0.201706
0 0.853398 0.375572 0.0785469 0.313528
0 0.789086 0.364311 0.0654219 0.324743
0 0.332695 0.377033 0.0319844 0.213178
