2 0.431422 0.600521 0.0605 0.104358
2 0.266961 0.600548 0.0831094 0.121578
2 0.387047 0.597553 0.0499375 0.0775134
2 0.523578 0.636404 0.0982813 0.142647
0 0.123406 0.677914 0.246813 0.643636
0 0.667391 0.597727 0.0149375 0.0879144
0 0.221602 0.672406 0.0537344 0.215187
0 0.777789 0.633128 0.0233906 0.168449
0 0.847414 0.589078 0.0225781 0.0957487
0 0.639062 0.600013 0.0086875 0.099385
0 0.548352 0.565869 0.0194844 0.0343583
2 0.303359 0.579746 0.0351562 0.0823797
2 0.476484 0.589826 0.0423125 0.0759091
2 0.475273 0.547433 0.0245781 0.0136898
6 6.0 6.0 6.0 6.0
6 6.0 6.0 6.0 6.0
6 6.0 6.0 6.0 6.0
2 0.204563 0.568075 0.0518125 0.0717647
