2 0.912086 0.766052 0.174516 0.466938
2 0.145258 0.641385 0.0916406 0.0778958
2 0.466836 0.624281 0.0570469 0.0693542
2 0.655664 0.586875 0.0514219 0.06425
2 0.873422 0.596323 0.0555312 0.0575208
2 0.31943 0.629448 0.158859 0.0974375
2 0.483352 0.607198 0.0785781 0.0648958
4 4.0 4.0 4.0 4.0
2 0.417781 0.616542 0.0704687 0.0782917
2 0.532516 0.613865 0.044875 0.0589792
2 0.918469 0.657896 0.162344 0.266875
2 0.0520781 0.743698 0.104156 0.0833958
2 0.529289 0.590167 0.0506406 0.0380417
6 6.0 6.0 6.0 6.0
