0 0.315609 0.460669 0.203437 0.539319
0 0.0641641 0.189636 0.0446719 0.0619484
0 0.105328 0.195434 0.046375 0.0727465
0 0.0837734 0.150939 0.0289219 0.0558216
0 0.225016 0.158862 0.05625 0.0742019
0 0.303242 0.159085 0.0709531 0.085493
0 0.288461 0.22304 0.0647344 0.0628404
0 0.31375 0.21419 0.0257812 0.0490376
0 0.422 0.239601 0.09075 0.072723
0 0.775227 0.495728 0.139578 0.103803
0 0.869227 0.434859 0.0555156 0.0918779
0 0.842906 0.422394 0.0397188 0.0861972
0 0.609719 0.434648 0.052 0.0721596
