0 0.245688 0.191674 0.069625 0.131403
0 0.736859 0.67759 0.397844 0.522059
0 0.480937 0.176063 0.0975312 0.14
0 0.557563 0.165916 0.0979688 0.140611
0 0.39618 0.191968 0.0667031 0.115837
0 0.323719 0.187319 0.100031 0.136357
0 0.174039 0.194615 0.103266 0.142941
0 0.895281 0.151086 0.0473438 0.117511
0 0.848086 0.198258 0.0726406 0.202081
0 0.0400469 0.202308 0.0800937 0.140633
0 0.0611172 0.151414 0.0931406 0.176176
0 0.785125 0.136629 0.0763438 0.268009
0 0.856625 0.0841742 0.06775 0.141199
