0 0.253177 0.626969 0.488396 0.723594
0 0.908958 0.707609 0.178667 0.481313
1 0.719604 0.642672 0.230792 0.121156
0 0.0915729 0.494141 0.0760625 0.146031
0 0.742563 0.613859 0.111 0.183281
0 0.590125 0.558258 0.0655 0.0898281
0 0.9545 0.800125 0.091 0.39975
0 0.0263333 0.442961 0.0526667 0.0637344
0 0.886875 0.613766 0.0596667 0.108844
1 0.146427 0.580211 0.103063 0.0815469
0 0.0677396 0.446266 0.0669792 0.0747188
1 0.625208 0.580602 0.0942917 0.0649219
1 0.725531 0.748555 0.275479 0.129047
