0 0.144668 0.816383 0.245186 0.124984
0 0.875957 0.875938 0.121915 0.079
0 0.842354 0.553469 0.0427926 0.049
0 0.462035 0.575711 0.0432181 0.0509844
0 0.139641 0.421375 0.190931 0.0739375
0 0.0823271 0.163516 0.0428457 0.0425937
0 0.444282 0.150398 0.0910638 0.0729219
0 0.990133 0.530328 0.019734 0.0496875
0 0.525891 0.863055 0.219761 0.132047
0 0.689069 0.402656 0.22383 0.123687
0 0.908285 0.55043 0.0431117 0.0620156
0 0.29984 0.878031 0.0206915 0.0401875
0 0.784535 0.871641 0.0348138 0.0388125
