0 0.708086 0.887354 0.0726719 0.225292
0 0.744453 0.788562 0.0135312 0.0498333
0 0.893906 0.764656 0.0123125 0.0610208
0 0.78432 0.80176 0.0253281 0.0831458
0 0.374945 0.808698 0.00807813 0.0369792
0 0.0295625 0.88176 0.05575 0.216229
0 0.945898 0.788583 0.0285781 0.0960833
0 0.168273 0.899906 0.0797969 0.200188
0 0.114016 0.860104 0.11125 0.279792
0 0.701664 0.817063 0.0506719 0.120083
0 0.926609 0.781885 0.0316875 0.0733958
0 0.847258 0.777813 0.0122969 0.0437083
0 0.49318 0.806219 0.00785938 0.0328125
