0 0.393711 0.674153 0.192859 0.4854
0 0.347781 0.516283 0.0805625 0.311114
0 0.684641 0.700605 0.157313 0.514673
0 0.259289 0.335981 0.0833281 0.239564
0 0.195234 0.328438 0.0508125 0.114213
0 0.151438 0.3427 0.0614688 0.0836562
0 0.0359063 0.39609 0.0718125 0.190775
0 0.0975 0.364746 0.045375 0.0615496
0 0.411617 0.352809 0.0553594 0.136077
0 0.873078 0.731731 0.253844 0.536538
0 0.872016 0.338075 0.0499687 0.107094
0 0.518625 0.314237 0.051625 0.108862
0 0.575961 0.705424 0.106172 0.385569
