0 0.792188 0.435105 0.156625 0.428899
0 0.599891 0.450632 0.110563 0.422389
0 0.0463438 0.611511 0.0926875 0.360492
0 0.299859 0.4837 0.146937 0.615738
0 0.888906 0.533583 0.109844 0.356253
0 0.520141 0.421148 0.0949688 0.340984
0 0.439531 0.507892 0.223906 0.657658
0 0.82693 0.268044 0.0918594 0.213372
0 0.668062 0.314391 0.116312 0.302412
0 0.953375 0.437951 0.0906875 0.289953
2 0.0889922 0.260094 0.105547 0.0861358
0 0.184453 0.401628 0.117938 0.240164
0 0.0723437 0.392201 0.117531 0.226183
