1 0.405133 0.683627 0.173734 0.245329
2 0.162117 0.53885 0.321391 0.190986
2 0.530531 0.514941 0.141688 0.135845
2 0.722656 0.521068 0.125875 0.0927934
2 0.94968 0.507488 0.0154219 0.0219718
2 0.969773 0.509178 0.0186406 0.0253052
2 0.983445 0.508662 0.00970312 0.0240376
2 0.617117 0.494249 0.0563281 0.0556338
2 0.915383 0.512242 0.0314219 0.028662
0 0.963812 0.816913 0.072375 0.0579108
0 0.181594 0.484366 0.0277813 0.0479812
0 0.400039 0.560516 0.113484 0.358779
2 0.960047 0.509601 0.0136875 0.0234272
2 0.935875 0.511714 0.020875 0.0239437
