2 0.667823 0.490211 0.190188 0.0574844
2 0.290875 0.51943 0.125875 0.102422
2 0.0521875 0.501305 0.066375 0.0437344
0 0.527021 0.709008 0.369375 0.558547
0 0.205344 0.643984 0.238396 0.369969
0 0.645646 0.52468 0.0730833 0.120266
0 0.613042 0.459109 0.025875 0.0269375
0 0.708198 0.455828 0.0141042 0.0190937
0 0.0183125 0.477359 0.021 0.0631875
2 0.233625 0.466016 0.17725 0.0309687
0 0.0104167 0.540383 0.0208333 0.0690781
2 0.869646 0.488484 0.260708 0.0986563
6 0.868385 0.48718 0.263229 0.0946406
0 0.345417 0.454336 0.0163333 0.0193906
0 0.609042 0.480617 0.0515833 0.0655469
0 0.0998437 0.562937 0.0950208 0.224125
