0 0.125797 0.742948 0.0190625 0.105646
0 0.113961 0.708583 0.00692187 0.0247083
0 0.516016 0.740937 0.0186562 0.05425
0 0.596258 0.738042 0.0157031 0.049125
0 0.540461 0.736323 0.0137344 0.0463958
0 0.554281 0.721979 0.00403125 0.0159167
0 0.2125 0.745083 0.0410313 0.102833
0 0.578203 0.726396 0.00671875 0.023
0 0.650156 0.730698 0.01 0.0176042
0 0.448 0.719802 0.00265625 0.0143542
0 0.405359 0.717354 0.00296875 0.011
0 0.60568 0.727125 0.00873437 0.0208333
0 0.346031 0.715813 0.00596875 0.0127083
