2 0.94782 0.513042 0.0119531 0.0114167
4 4.0 4.0 4.0 4.0
6 6.0 6.0 6.0 6.0
0 0.611797 0.677531 0.0775312 0.424729
0 0.395148 0.550854 0.0161406 0.0434167
0 0.198852 0.565688 0.0231406 0.077625
0 0.902461 0.52251 0.0148594 0.0335208
0 0.255063 0.550531 0.0136562 0.0431458
0 0.773484 0.541219 0.013375 0.0528542
0 0.416344 0.547719 0.0131875 0.0501042
0 0.0638438 0.581052 0.0145313 0.0483125
0 0.115062 0.567656 0.0305 0.0628125
0 0.262508 0.549667 0.0118594 0.0415417
0 0.706016 0.522792 0.00484375 0.013875
0 0.689523 0.521771 0.00510938 0.011875
