2 0.246625 0.444854 0.0522813 0.0526667
3 0.5 0.764469 0.353656 0.274521
3 0.365812 0.637417 0.0338125 0.13725
3 0.380711 0.547698 0.0356094 0.0515208
0 0.349469 0.502646 0.042875 0.144042
0 0.307227 0.690604 0.101391 0.45925
0 0.208 0.483052 0.0372813 0.119313
0 0.320344 0.483021 0.0282187 0.116458
0 0.435344 0.501927 0.0574687 0.137104
0 0.488758 0.518385 0.0407344 0.202146
0 0.522016 0.530844 0.0547188 0.215063
0 0.584742 0.566115 0.0702656 0.283563
0 0.627633 0.523323 0.0447656 0.212563
0 0.115445 0.6 0.0893281 0.4135
0 0.423609 0.701844 0.099625 0.400854
0 0.269984 0.460104 0.0471875 0.0795833
2 0.00486719 0.444125 0.00973437 0.0425
2 0.685008 0.447063 0.0233281 0.0342083
0 0.183117 0.648052 0.105203 0.418187
2 0.0691563 0.454604 0.0169063 0.0208333
