6 0.509234 0.819 0.890938 0.362
0 0.0130312 0.791396 0.0200625 0.113167
0 0.0887656 0.789583 0.0197813 0.0939167
0 0.0365313 0.787167 0.0234375 0.109
0 0.109062 0.764969 0.02675 0.0449375
0 0.236398 0.745292 0.0175469 0.02175
0 0.25843 0.741885 0.0189219 0.0288542
2 0.971211 0.885708 0.0575781 0.190042
0 0.295805 0.744115 0.0182031 0.0183958
0 0.322867 0.745375 0.0159844 0.0185417
0 0.183953 0.747781 0.0144063 0.0219375
0 0.222305 0.749083 0.0184219 0.02075
0 0.398008 0.740802 0.0135156 0.0227292
0 0.862234 0.724823 0.0125312 0.0298125
0 0.409398 0.741865 0.0108906 0.0201875
