0 0.512758 0.612354 0.215891 0.460679
0 0.322953 0.209262 0.0406875 0.0637705
0 0.362266 0.255808 0.0349375 0.0965808
0 0.356695 0.204719 0.0351094 0.0559485
0 0.642297 0.162763 0.0350937 0.0670726
0 0.281383 0.225246 0.0290469 0.0884778
0 0.259461 0.192131 0.0298906 0.0606089
0 0.243414 0.212283 0.0299844 0.0605855
0 0.213813 0.194707 0.0354063 0.0622951
0 0.384477 0.0732201 0.0404531 0.14644
0 0.901578 0.115562 0.03875 0.0658314
0 0.679953 0.16329 0.0345625 0.0855972
0 0.967289 0.121827 0.0218906 0.0656206
