2 0.963234 0.655802 0.0735313 0.141979
2 0.890938 0.627219 0.114656 0.147271
2 0.811344 0.648052 0.131406 0.157021
2 0.965258 0.594396 0.0682031 0.0595417
2 0.973437 0.54651 0.053125 0.0449792
4 4.0 4.0 4.0 4.0
2 0.784109 0.565292 0.0695313 0.0522083
2 0.979273 0.516583 0.0414531 0.05025
0 0.321688 0.659458 0.0973437 0.36
0 0.203406 0.662771 0.0917813 0.367125
0 0.736359 0.654104 0.041875 0.168667
0 0.75582 0.552385 0.0240469 0.0653125
0 0.0878594 0.661135 0.0475313 0.162729
0 0.114898 0.658427 0.0289531 0.154021
0 0.122633 0.645896 0.0540781 0.164708
0 0.150414 0.655594 0.0342656 0.144437
0 0.815867 0.660167 0.0869219 0.263
0 0.0641875 0.655927 0.0244375 0.142438
0 0.0297891 0.669594 0.0309844 0.149354
2 0.871727 0.546563 0.0713281 0.0236667
2 0.935547 0.571198 0.0322188 0.0390625
0 0.0452344 0.650385 0.0284063 0.158562
