0 0.26257 0.591009 0.0832344 0.426984
0 0.499375 0.571613 0.0596875 0.183086
0 0.525891 0.757297 0.0741563 0.417981
0 0.642414 0.732587 0.107453 0.512367
0 0.427594 0.485557 0.03175 0.0646172
0 0.470461 0.446798 0.0335156 0.0907657
0 0.808125 0.72022 0.115 0.528097
0 0.504414 0.480244 0.0519531 0.0831323
0 0.346195 0.743237 0.0697031 0.359142
0 0.578852 0.717981 0.0620469 0.469652
0 0.576703 0.454675 0.0386875 0.0664733
0 0.457391 0.755418 0.0999063 0.404664
0 0.381688 0.759733 0.079625 0.37529
