0 0.672813 0.484701 0.110563 0.391016
0 0.714352 0.610964 0.117766 0.11099
0 0.698586 0.671367 0.289328 0.128516
0 0.518906 0.483711 0.061125 0.401641
0 0.0867656 0.59599 0.0383125 0.0583333
0 0.329336 0.588464 0.0619844 0.0805729
0 0.418187 0.601823 0.0876563 0.0659896
0 0.41025 0.535195 0.0306563 0.144766
0 0.282023 0.536198 0.0155156 0.0741667
0 0.106664 0.586523 0.0249531 0.0736719
0 0.844031 0.582096 0.065125 0.0985677
0 0.574625 0.532487 0.027875 0.093724
0 0.0533516 0.677513 0.105859 0.0596615
