4 0.466437 0.50692 0.75375 0.76733
0 0.617141 0.62041 0.042375 0.230796
0 0.434211 0.583384 0.0538906 0.137963
0 0.465922 0.589133 0.0223125 0.126745
0 0.436898 0.271358 0.0442969 0.0874941
0 0.369344 0.300129 0.0173437 0.0637705
0 0.979844 0.61589 0.0403125 0.192155
0 0.949016 0.591803 0.0346562 0.164356
0 0.0518125 0.616347 0.0404687 0.105855
0 0.0803281 0.611148 0.0180312 0.0806557
0 0.901734 0.56767 0.0249688 0.0832553
0 0.869867 0.462424 0.0212969 0.0592272
0 0.843359 0.450515 0.0205625 0.0377049
0 0.951109 0.486159 0.0148437 0.0516628
