2 0.868883 0.294976 0.116703 0.0941627
0 0.0537656 0.288301 0.02525 0.0551196
0 0.0852578 0.306914 0.0105469 0.0217225
0 0.202359 0.402069 0.046625 0.107727
6 6.0 6.0 6.0 6.0
0 0.0554219 0.365275 0.0407187 0.0994498
2 0.631727 0.27683 0.101734 0.053756
0 0.147117 0.336962 0.0258281 0.0467943
0 0.180602 0.342141 0.0140469 0.0336124
0 0.207195 0.310933 0.0183594 0.0438756
0 0.275547 0.340766 0.0206563 0.123493
0 0.308063 0.315275 0.0207813 0.0599761
0 0.385109 0.321531 0.0115625 0.0289952
0 0.0674453 0.304593 0.0127656 0.0289952
2 0.542359 0.282703 0.0342812 0.0209091
2 0.511695 0.291615 0.0909844 0.0486364
2 0.231367 0.317883 0.0734219 0.0958134
0 0.372234 0.326699 0.018125 0.0258373
6 6.0 6.0 6.0 6.0
0 0.648078 0.282656 0.0185312 0.0382297
