1 0.823992 0.613638 0.226359 0.169531
0 0.0954609 0.587488 0.0852969 0.290516
0 0.35675 0.383146 0.0673125 0.150563
0 0.366078 0.467254 0.0620938 0.191455
0 0.402539 0.418568 0.0371094 0.0968545
0 0.812922 0.547254 0.0583438 0.266385
0 0.687789 0.54473 0.0362656 0.145563
0 0.645641 0.537089 0.0218125 0.143286
0 0.961766 0.554131 0.0651562 0.143568
0 0.211438 0.485364 0.0251875 0.0479577
0 0.941359 0.503498 0.01725 0.0457277
0 0.190398 0.496268 0.0280469 0.0707981
0 0.90525 0.493169 0.00659375 0.0219249
0 0.134594 0.582042 0.0509375 0.287887
