2 0.631109 0.399882 0.0645625 0.0593868
2 0.718828 0.401167 0.0175 0.0430425
2 0.869141 0.395012 0.074625 0.0519575
4 4.0 4.0 4.0 4.0
0 0.282969 0.623467 0.176719 0.519434
0 0.410609 0.628892 0.0766563 0.222311
0 0.851062 0.760448 0.182 0.448349
0 0.907344 0.602642 0.0683438 0.124009
0 0.581312 0.422901 0.0221562 0.094434
0 0.380312 0.415153 0.018625 0.0915802
2 0.0373906 0.409917 0.0742188 0.060967
0 0.0743125 0.410366 0.0100938 0.0612028
0 0.720664 0.435354 0.0237031 0.0624057
2 0.0749453 0.391757 0.0413281 0.0325708
0 0.788594 0.5225 0.0249688 0.0755189
0 0.663844 0.418703 0.0297812 0.0985377
2 0.106188 0.409988 0.0385 0.0584198
2 0.605883 0.361592 0.0187969 0.0135142
2 0.942336 0.407229 0.0229844 0.0741745
2 0.726656 0.34967 0.0272812 0.0208491
0 0.868852 0.418927 0.0306094 0.093467
0 0.166609 0.509811 0.064125 0.268632
2 0.172531 0.383019 0.0355313 0.016934
0 0.536727 0.393585 0.0208594 0.0524528
