6 6.0 6.0 6.0 6.0
0 0.134969 0.682531 0.156625 0.317646
0 0.514883 0.71124 0.112922 0.280896
0 0.457688 0.675542 0.102125 0.227167
0 0.807438 0.724094 0.216219 0.522521
0 0.235164 0.683344 0.0994219 0.280687
0 0.700586 0.565438 0.0614219 0.209542
0 0.134836 0.50899 0.158422 0.235937
0 0.594609 0.630781 0.0895625 0.384354
0 0.245219 0.50674 0.0994375 0.280896
0 0.52918 0.53224 0.0712969 0.191729
0 0.750328 0.678844 0.108563 0.476354
0 0.34732 0.67974 0.120922 0.293396
0 0.649805 0.600948 0.0631094 0.327646
