4 4.0 4.0 4.0 4.0
4 4.0 4.0 4.0 4.0
4 4.0 4.0 4.0 4.0
4 4.0 4.0 4.0 4.0
4 4.0 4.0 4.0 4.0
0 0.19625 0.748875 0.11 0.482006
0 0.52118 0.732827 0.0845156 0.448632
0 0.659289 0.735426 0.0622344 0.408055
0 0.742219 0.732219 0.0681563 0.4
0 0.805094 0.745517 0.068 0.383435
0 0.879305 0.639833 0.0379531 0.234012
0 0.614125 0.614787 0.0371563 0.251033
0 0.922711 0.644939 0.0362031 0.263131
0 0.702836 0.662933 0.0567031 0.283678
0 0.331937 0.674286 0.0719063 0.288571
0 0.279555 0.779772 0.154797 0.408967
0 0.960594 0.651535 0.0397813 0.24076
4 4.0 4.0 4.0 4.0
0 0.593945 0.663936 0.0494219 0.276383
