5 0.435813 0.558568 0.70675 0.722969
0 0.862031 0.662357 0.0656875 0.317839
0 0.652789 0.616042 0.0284844 0.193698
0 0.616859 0.620221 0.0471875 0.233724
0 0.762523 0.584102 0.0252969 0.128151
0 0.738609 0.545977 0.0203125 0.0714844
0 0.781969 0.594766 0.0239688 0.146719
0 0.846266 0.620312 0.0433125 0.254948
0 0.697859 0.617044 0.0474687 0.199297
0 0.576867 0.59668 0.0392969 0.193724
0 0.952078 0.596419 0.0280938 0.15987
0 0.644813 0.615872 0.042625 0.225859
0 0.80775 0.54556 0.0230937 0.0710677
0 0.820133 0.585078 0.0193906 0.133906
