0 0.0987109 0.548424 0.0897344 0.486494
0 0.341711 0.800447 0.418391 0.201788
0 0.705359 0.701906 0.2895 0.159106
0 0.811414 0.624718 0.251359 0.259835
0 0.242445 0.489176 0.0409844 0.143059
0 0.563617 0.746306 0.362391 0.172612
0 0.168078 0.395494 0.00653125 0.0280706
0 0.805594 0.457671 0.0248125 0.0350588
0 0.295617 0.478247 0.0318281 0.0398353
0 0.897437 0.618882 0.205125 0.135271
0 0.214812 0.432224 0.0235625 0.0336706
0 0.167773 0.4738 0.0200469 0.0687765
0 0.359102 0.460106 0.0257031 0.0496235
