2 0.943055 0.580125 0.0227969 0.0216173
2 0.916352 0.582255 0.0265781 0.0233257
2 0.888977 0.582164 0.0222031 0.0179954
2 0.141703 0.614966 0.0210938 0.01959
2 0.929398 0.560866 0.0197656 0.0174032
2 0.880148 0.560979 0.0175156 0.0103417
2 0.85807 0.585216 0.0233906 0.0189522
2 0.968672 0.578588 0.0286875 0.0248747
2 0.966203 0.55754 0.0166875 0.0117084
6 6.0 6.0 6.0 6.0
6 6.0 6.0 6.0 6.0
6 6.0 6.0 6.0 6.0
6 6.0 6.0 6.0 6.0
6 6.0 6.0 6.0 6.0
6 6.0 6.0 6.0 6.0
2 0.93282 0.541674 0.0190156 0.015467
