2 0.38691 0.597478 0.0629 0.0766172
2 0.62128 0.56362 0.06196 0.0831454
2 0.6054 0.541795 0.04772 0.0717211
2 0.61891 0.505786 0.05338 0.0336499
2 0.66836 0.443591 0.04996 0.0650445
2 0.43638 0.474748 0.04516 0.0528783
2 0.59546 0.462033 0.04964 0.0681009
6 6.0 6.0 6.0 6.0
6 6.0 6.0 6.0 6.0
6 6.0 6.0 6.0 6.0
6 6.0 6.0 6.0 6.0
2 0.48669 0.303012 0.0511 0.0307122
2 0.50787 0.549688 0.05374 0.0662018
4 4.0 4.0 4.0 4.0
6 6.0 6.0 6.0 6.0
6 6.0 6.0 6.0 6.0
6 6.0 6.0 6.0 6.0
2 0.68166 0.502255 0.05684 0.0595846
