0 0.261469 0.65315 0.177844 0.671181
0 0.136453 0.597756 0.115937 0.624724
0 0.446039 0.665541 0.212734 0.641909
0 0.871344 0.533701 0.176594 0.375276
0 0.0467188 0.470876 0.0552188 0.118445
0 0.581141 0.489409 0.042 0.151654
0 0.551937 0.487854 0.0466562 0.150236
0 0.644641 0.487608 0.0185312 0.0938386
0 0.62718 0.481329 0.0181719 0.103996
0 0.757781 0.466043 0.0148437 0.069685
0 0.693875 0.507175 0.0286563 0.109114
1 0.903063 0.559213 0.165187 0.0799213
0 0.776359 0.498524 0.041375 0.119961
1 0.850297 0.631939 0.294844 0.238327
0 0.713844 0.493799 0.021 0.101614
