2 0.68043 0.602365 0.0331406 0.0331148
4 0.38157 0.524157 0.316359 0.71459
0 0.193227 0.673103 0.0401406 0.197541
0 0.156117 0.66678 0.0542031 0.210843
0 0.0697109 0.677529 0.0374844 0.20897
0 0.942367 0.621511 0.0103594 0.05637
0 0.54543 0.643747 0.0195469 0.0769087
2 0.664352 0.59363 0.0234219 0.0265574
0 0.8965 0.6324 0.018625 0.073466
0 0.830914 0.602658 0.00907812 0.0391335
0 0.912289 0.609567 0.0125156 0.0281733
0 0.932203 0.621323 0.0109687 0.0557611
4 0.728805 0.583946 0.0623594 0.0749649
0 0.942891 0.592845 0.011625 0.0105152
0 0.881875 0.621206 0.0098125 0.0581967
2 0.661297 0.574122 0.01575 0.0114754
2 0.593477 0.55904 0.0190781 0.0230913
2 0.562492 0.572237 0.0206094 0.0291101
2 0.660609 0.587787 0.0225938 0.02363
0 0.234258 0.642424 0.0142969 0.0769789
0 0.122547 0.625656 0.0246562 0.0754801
