0 0.443609 0.450797 0.120481 0.187812
0 0.339247 0.658789 0.491548 0.360359
0 0.449079 0.268594 0.0371967 0.0504375
0 0.783274 0.665969 0.308515 0.284125
0 0.501224 0.269133 0.0311925 0.0332969
0 0.0646862 0.602242 0.123347 0.287641
0 0.178682 0.264227 0.0396653 0.0429844
0 0.254676 0.26475 0.0487238 0.0319688
0 0.542845 0.651016 0.260544 0.204844
0 0.699121 0.153906 0.0120502 0.0165
0 0.862448 0.96107 0.195272 0.0778594
0 0.484843 0.22318 0.0327406 0.0280781
0 0.943651 0.211531 0.0279707 0.04
