0 0.332867 0.769667 0.217422 0.433708
0 0.545609 0.746625 0.293906 0.423417
0 0.381195 0.541073 0.0874531 0.161271
0 0.550898 0.47099 0.0458594 0.118396
0 0.183109 0.509969 0.0295625 0.0723542
0 0.25943 0.524781 0.0372969 0.103271
0 0.757586 0.69326 0.210672 0.406729
0 0.43418 0.512229 0.0515469 0.0935833
0 0.199695 0.491698 0.0202656 0.0462292
0 0.0950078 0.776906 0.190016 0.414813
0 0.600695 0.504083 0.0404531 0.0530833
0 0.802242 0.847187 0.391016 0.305625
0 0.405687 0.497896 0.0316875 0.0582083
