0 0.17007 0.392845 0.0202344 0.0451756
0 0.202969 0.573361 0.0264375 0.119368
0 0.163242 0.553899 0.0347969 0.115386
0 0.134414 0.539215 0.0268594 0.120773
0 0.522625 0.320117 0.147969 0.236253
0 0.0932266 0.520761 0.0284219 0.112295
0 0.0621328 0.501136 0.0274219 0.107799
0 0.0476484 0.500328 0.0200156 0.0936768
0 0.152516 0.390773 0.0195312 0.0247775
0 0.396023 0.60952 0.0146719 0.0519204
0 0.185016 0.569555 0.0252812 0.112319
0 0.14432 0.548841 0.0229219 0.10719
0 0.108297 0.526218 0.022 0.112201
