0 0.398594 0.652437 0.193812 0.671917
0 0.704961 0.32124 0.191484 0.602896
0 0.418266 0.13824 0.0240313 0.102729
0 0.461062 0.110073 0.0138437 0.0595625
0 0.496539 0.0834896 0.0163281 0.0625625
0 0.47182 0.0931563 0.0175469 0.0741042
0 0.444398 0.119219 0.0220781 0.0710208
0 0.843734 0.0967812 0.0208125 0.0800208
0 0.327961 0.181958 0.0379219 0.148
0 0.161008 0.160719 0.0423594 0.135229
0 0.809258 0.105885 0.0480469 0.0936042
0 0.201383 0.0955208 0.0184531 0.039875
0 0.0891328 0.160885 0.0567656 0.138021
