0 0.502891 0.718075 0.0870937 0.323005
0 0.356117 0.570939 0.0797344 0.345728
0 0.191203 0.546467 0.085125 0.323967
0 0.263641 0.455915 0.0456562 0.172723
0 0.553938 0.492124 0.0434688 0.135141
0 0.694687 0.48358 0.0358125 0.133028
0 0.0210859 0.436455 0.0421719 0.128169
0 0.125898 0.458052 0.0445781 0.144554
0 0.4955 0.486608 0.0600625 0.164343
0 0.0668828 0.446045 0.0389219 0.13331
0 0.42332 0.480833 0.0233906 0.124765
0 0.46743 0.449566 0.0466719 0.0916667
0 0.753969 0.476068 0.0217188 0.0283333
