2 0.86124 0.498599 0.06084 0.052741
0 0.61818 0.545316 0.03904 0.298163
0 0.56933 0.552816 0.0621 0.341054
0 0.42247 0.679066 0.07926 0.191446
0 0.50208 0.600452 0.08012 0.166506
0 0.6377 0.526596 0.03728 0.269759
0 0.28255 0.554488 0.08118 0.380542
0 0.80339 0.541747 0.07886 0.251687
0 0.20873 0.622033 0.10026 0.176657
0 0.3869 0.547801 0.04124 0.11506
0 0.47235 0.572605 0.04586 0.0993675
0 0.44874 0.497108 0.0476 0.158434
0 0.32311 0.571581 0.05398 0.138645
0 0.21048 0.465346 0.06712 0.205633
2 0.95809 0.494081 0.08382 0.0631627
