1 0.678227 0.719033 0.160078 0.454395
2 0.932305 0.406182 0.135391 0.232793
2 0.853852 0.323164 0.182297 0.107656
3 0.851789 0.460791 0.189797 0.349004
0 0.674406 0.558066 0.185812 0.643008
0 0.625273 0.326084 0.0928906 0.21502
0 0.547344 0.280752 0.0424062 0.109941
0 0.569602 0.246299 0.0170781 0.0324414
0 0.563211 0.379629 0.0701719 0.234297
0 0.533531 0.256504 0.018625 0.055625
2 0.86743 0.253145 0.0273281 0.0321484
2 0.953953 0.264238 0.0531563 0.0551172
2 0.973328 0.252715 0.0533438 0.0772266
2 0.734359 0.311357 0.0227812 0.0831055
2 0.954555 0.250361 0.0661406 0.0475586
2 0.723195 0.269365 0.0402344 0.0832617
