0 0.90032 0.606167 0.0143594 0.0534167
0 0.669453 0.693875 0.094125 0.227833
0 0.645734 0.805948 0.227219 0.377354
0 0.584672 0.564083 0.0889062 0.13925
0 0.17275 0.823594 0.3455 0.330354
0 0.338914 0.602198 0.131984 0.203104
0 0.254148 0.703823 0.117828 0.359938
0 0.0797578 0.705937 0.140297 0.369083
0 0.148789 0.56974 0.0634531 0.189104
0 0.537641 0.543823 0.0606875 0.116854
0 0.819945 0.830344 0.183703 0.316854
0 0.488469 0.558885 0.0358125 0.120063
0 0.440891 0.750896 0.2035 0.323
