0 0.157828 0.685242 0.215969 0.606564
0 0.366484 0.528623 0.164531 0.315132
0 0.662242 0.444923 0.204328 0.278084
0 0.852844 0.753932 0.274187 0.465176
0 0.855305 0.51457 0.265703 0.286145
0 0.318023 0.843822 0.263016 0.312357
0 0.580773 0.405727 0.118766 0.25652
0 0.0833203 0.487919 0.0755156 0.278789
0 0.206195 0.257566 0.0560469 0.190639
0 0.0271484 0.304284 0.0542969 0.229802
0 0.797719 0.347963 0.125937 0.212577
0 0.144867 0.275452 0.0632031 0.253326
0 0.0938906 0.321145 0.0606563 0.0812775
