0 0.554359 0.486752 0.0375 0.314904
0 0.773508 0.653153 0.159109 0.673439
0 0.301828 0.422118 0.0215938 0.122261
0 0.0369375 0.46293 0.043 0.305605
0 0.957984 0.435462 0.0310937 0.139076
0 0.32007 0.417261 0.0248594 0.124841
0 0.145055 0.448264 0.0300781 0.125191
0 0.848391 0.438535 0.0226562 0.106242
0 0.229805 0.455844 0.0215156 0.100478
0 0.19707 0.370462 0.0222969 0.0579936
0 0.579617 0.446051 0.0279844 0.0975159
0 0.680906 0.446799 0.0237813 0.150669
0 0.187891 0.443376 0.0354063 0.120764
