1 0.296445 0.740187 0.0928594 0.269789
2 0.967359 0.608126 0.0652812 0.176253
0 0.296023 0.631756 0.114203 0.414426
0 0.66043 0.605855 0.0766406 0.326557
0 0.919367 0.569192 0.0503594 0.204098
0 0.562188 0.533876 0.04925 0.152998
0 0.51993 0.552131 0.0444219 0.160609
0 0.472586 0.546171 0.0435781 0.180164
0 0.854797 0.607459 0.0289063 0.107377
0 0.802352 0.681054 0.0886094 0.244309
0 0.0940547 0.654532 0.0795469 0.370562
0 0.19057 0.530867 0.0375781 0.192412
0 0.0744531 0.488361 0.02575 0.116393
1 0.933266 0.727494 0.0495625 0.116534
1 0.0699609 0.764672 0.0321094 0.0744965
1 0.626719 0.554731 0.0081875 0.0389227
2 0.935688 0.508372 0.114469 0.0973536
0 0.739594 0.676581 0.145063 0.235129
0 0.886484 0.67493 0.0810625 0.239555
