2 0.285227 0.628294 0.0665469 0.169216
0 0.504969 0.261157 0.0847187 0.133137
0 0.389359 0.366333 0.128031 0.285647
0 0.240617 0.653294 0.0468281 0.223255
0 0.0715547 0.641971 0.0497031 0.256451
0 0.684195 0.484912 0.0401406 0.0628824
0 0.771898 0.581833 0.0953906 0.212412
0 0.199867 0.651794 0.0448906 0.24598
0 0.161336 0.683657 0.0659531 0.225941
0 0.331055 0.664059 0.0327344 0.184863
0 0.616055 0.501912 0.0480781 0.112137
0 0.242133 0.608578 0.0453594 0.118882
0 0.15025 0.572039 0.0459375 0.124235
0 0.0144063 0.580373 0.0189687 0.128706
2 0.0747109 0.631039 0.141828 0.260784
