5 5.0 5.0 5.0 5.0
0 0.914992 0.520529 0.115703 0.491882
0 0.206648 0.512275 0.109547 0.409255
0 0.353211 0.343961 0.0796094 0.48902
0 0.455812 0.315529 0.0650937 0.523922
0 0.567953 0.380647 0.0935938 0.463725
0 0.732266 0.531549 0.0987187 0.385137
0 0.0726328 0.634059 0.0821094 0.427961
0 0.410609 0.349451 0.0169687 0.113569
0 0.260695 0.335118 0.0194844 0.142471
0 0.225445 0.330588 0.0277969 0.101333
0 0.109094 0.350412 0.0181562 0.0544706
1 0.493586 0.392961 0.0464844 0.0739216
0 0.115383 0.312294 0.0158594 0.0441961
1 0.25407 0.370569 0.0291406 0.0845882
1 0.0339297 0.348255 0.0306094 0.0481176
0 0.0335625 0.310706 0.0234688 0.0665882
