0 0.695797 0.710187 0.0349375 0.131458
0 0.521984 0.656469 0.02675 0.137771
0 0.589945 0.656 0.0242656 0.129375
0 0.623336 0.657094 0.0333906 0.125188
0 0.815398 0.660438 0.0298594 0.111875
0 0.473758 0.62476 0.0300156 0.133396
0 0.491805 0.62076 0.0250156 0.126771
0 0.526609 0.587458 0.03225 0.063875
0 0.590719 0.581917 0.0286875 0.042625
0 0.656773 0.592 0.0308281 0.071625
0 0.70857 0.60174 0.0283906 0.0868542
0 0.776289 0.62101 0.0307656 0.115813
0 0.0738281 0.808292 0.0814375 0.106875
