2 0.111922 0.176934 0.221594 0.0768868
2 0.0313359 0.117512 0.0626719 0.0736085
0 0.215906 0.150943 0.0301875 0.0991981
0 0.145641 0.0676887 0.032875 0.127925
0 0.328086 0.103219 0.0193594 0.0702123
0 0.255586 0.160943 0.0307656 0.109104
0 0.119484 0.105012 0.0310312 0.070684
6 6.0 6.0 6.0 6.0
6 6.0 6.0 6.0 6.0
0 0.352289 0.159693 0.0193281 0.0618396
0 0.153734 0.132052 0.0295938 0.041934
0 0.622469 0.0388443 0.0268437 0.0271698
0 0.466484 0.150837 0.019125 0.0530896
0 0.591406 0.0492335 0.0116875 0.0107311
0 0.960445 0.0886792 0.0791094 0.175094
0 0.552867 0.0519693 0.0123594 0.0147877
