2 0.207352 0.840466 0.140547 0.157156
2 0.523969 0.550455 0.062375 0.0804895
2 0.392398 0.737692 0.0870781 0.103916
2 0.412906 0.65303 0.072125 0.074359
2 0.42657 0.62169 0.0572344 0.0640326
2 0.529469 0.640455 0.0677813 0.0809091
6 6.0 6.0 6.0 6.0
6 6.0 6.0 6.0 6.0
6 6.0 6.0 6.0 6.0
6 6.0 6.0 6.0 6.0
2 0.421602 0.560221 0.0587969 0.0455711
2 0.126906 0.94486 0.139187 0.0885082
2 0.51832 0.591853 0.0556719 0.0658042
6 6.0 6.0 6.0 6.0
6 6.0 6.0 6.0 6.0
2 0.397906 0.464464 0.037625 0.0450583
2 0.414727 0.43866 0.0343281 0.0264569
