0 0.611797 0.587639 0.346344 0.793278
0 0.0337031 0.700903 0.0674063 0.193472
0 0.21568 0.271583 0.103641 0.251111
0 0.874258 0.158028 0.0984844 0.316056
0 0.941602 0.35175 0.109734 0.504778
0 0.900797 0.722278 0.198406 0.500444
0 0.119453 0.280903 0.0948125 0.229194
0 0.806711 0.529764 0.130641 0.190806
0 0.0303359 0.258861 0.0606719 0.271889
0 0.190242 0.124722 0.0695156 0.2135
0 0.310242 0.209042 0.0838594 0.361583
0 0.616961 0.148708 0.117703 0.255861
0 0.262742 0.231931 0.0622031 0.30225
