1 0.107641 0.704667 0.0385 0.0831667
2 0.141437 0.626969 0.0672813 0.0539792
4 4.0 4.0 4.0 4.0
4 4.0 4.0 4.0 4.0
0 0.0329375 0.737583 0.065875 0.2445
0 0.951406 0.70899 0.0926875 0.249438
0 0.81432 0.687885 0.0759531 0.193771
0 0.729305 0.666396 0.0409531 0.131458
0 0.845313 0.673333 0.0514063 0.174125
0 0.105719 0.671615 0.0339375 0.123021
0 0.131641 0.634073 0.0108438 0.0587708
0 0.143336 0.629198 0.00785938 0.0558958
0 0.15282 0.631646 0.0168594 0.06125
0 0.536867 0.614469 0.0674531 0.0666875
0 0.272594 0.628365 0.0224375 0.0486875
0 0.467703 0.626125 0.0286875 0.0794167
