0 0.493188 0.631464 0.0607188 0.227518
0 0.0859219 0.254239 0.0134375 0.0381733
0 0.123414 0.276171 0.0182969 0.0477986
0 0.139133 0.271206 0.0119531 0.0547307
0 0.174344 0.252705 0.0085 0.0310773
0 0.220695 0.276698 0.0157344 0.0642155
0 0.624383 0.751171 0.101484 0.133208
0 0.823133 0.228958 0.0273281 0.0813349
0 0.327281 0.289801 0.0239063 0.0932319
0 0.660406 0.332014 0.041625 0.210258
0 0.595227 0.259543 0.0389844 0.0651756
0 0.936852 0.203923 0.0143594 0.0615691
0 0.888219 0.267927 0.0625938 0.0833021
