4 0.346773 0.453724 0.0550781 0.0771897
0 0.522406 0.617658 0.0597188 0.237143
0 0.460977 0.614438 0.0611406 0.252389
0 0.627617 0.634871 0.0731094 0.358923
0 0.392547 0.693888 0.125375 0.449649
0 0.557922 0.578571 0.0430625 0.169742
0 0.540828 0.505246 0.012125 0.0352225
2 0.0598906 0.545726 0.117438 0.129297
2 0.138523 0.525796 0.0475469 0.0679859
2 0.662312 0.63603 0.675375 0.246628
2 0.301453 0.496323 0.0322188 0.0365808
2 0.313422 0.49171 0.0246875 0.0367213
2 0.170273 0.52226 0.0351719 0.0608197
2 0.196703 0.519333 0.03425 0.0594614
2 0.116594 0.527447 0.02825 0.0740047
2 0.209234 0.50993 0.0450625 0.0619672
2 0.241016 0.512319 0.0237188 0.0503981
2 0.412156 0.480117 0.0258125 0.0171897
2 0.255656 0.510515 0.02175 0.0464637
2 0.447844 0.494403 0.0398125 0.050726
