0 0.324094 0.8389 0.0878125 0.320306
0 0.0952344 0.876838 0.106375 0.246323
0 0.911523 0.860362 0.0593906 0.258997
0 0.513422 0.864513 0.0774688 0.266518
0 0.679523 0.842493 0.106672 0.293064
0 0.851492 0.856184 0.0592344 0.260669
0 0.720031 0.873649 0.0428125 0.23415
0 0.814516 0.879568 0.066875 0.240864
0 0.190766 0.858677 0.048 0.282646
0 0.773656 0.798593 0.040125 0.0830362
0 0.982422 0.907939 0.0217188 0.133203
0 0.363977 0.901671 0.0434844 0.196657
0 0.244773 0.76532 0.0160469 0.0462953
