2 0.502758 0.820716 0.447359 0.331455
2 0.120094 0.693279 0.23625 0.137921
2 0.243055 0.704769 0.153141 0.108245
2 0.692078 0.700589 0.185125 0.132309
4 4.0 4.0 4.0 4.0
0 0.779992 0.665127 0.0201094 0.0807852
0 0.809391 0.66485 0.025125 0.0757044
0 0.847508 0.657102 0.0135469 0.0813164
0 0.736508 0.647945 0.0154219 0.0502079
0 0.606625 0.639654 0.0112812 0.0351963
0 0.821563 0.662252 0.0144063 0.0742032
0 0.670367 0.630947 0.0108594 0.0129792
0 0.646641 0.631005 0.010125 0.017067
0 0.719703 0.638268 0.00978125 0.0118245
0 0.194586 0.674203 0.0215781 0.0289607
0 0.7595 0.655404 0.0118438 0.0465589
0 0.684539 0.632252 0.00998438 0.0118014
