0 0.83175 0.612802 0.0115312 0.0266875
4 0.0674688 0.784062 0.083625 0.121292
4 0.129469 0.771771 0.088875 0.151417
4 0.469 0.77574 0.049375 0.119396
4 0.293016 0.787615 0.0595625 0.113438
4 0.509258 0.692594 0.0407344 0.106188
4 0.411133 0.762354 0.0494531 0.158833
4 0.579805 0.761573 0.0632969 0.126146
4 0.690672 0.747635 0.0907188 0.138187
4 0.656477 0.670531 0.0543281 0.0770625
4 0.603492 0.670542 0.0599844 0.109458
4 0.557977 0.684156 0.0542344 0.109896
4 0.463297 0.685094 0.0355625 0.0645208
4 0.415922 0.669281 0.0319375 0.0498542
