2 0.0517266 0.788759 0.103453 0.287635
0 0.262102 0.781464 0.120578 0.437073
0 0.889883 0.584684 0.0669531 0.221405
0 0.80457 0.582424 0.0749219 0.206628
0 0.733609 0.596569 0.0549375 0.216651
0 0.676766 0.555644 0.0471875 0.0992037
0 0.542539 0.565714 0.0537031 0.102763
0 0.501422 0.570574 0.0346562 0.0787588
0 0.649687 0.592436 0.0270625 0.0398595
0 0.382828 0.569122 0.0264688 0.0768384
0 0.333891 0.579696 0.0370313 0.071007
0 0.431617 0.755562 0.141672 0.464192
0 0.592961 0.559543 0.0722344 0.0900468
0 0.141727 0.777166 0.223453 0.445667
