0 0.190739 0.458055 0.354484 0.382016
0 0.722066 0.594664 0.299531 0.342891
0 0.666268 0.401141 0.104883 0.0592812
0 0.519754 0.387578 0.0964085 0.108906
0 0.857758 0.505336 0.11162 0.125078
0 0.78561 0.368211 0.0760094 0.0550156
0 0.743955 0.328367 0.0508216 0.0383906
0 0.913169 0.349047 0.0594366 0.0531563
0 0.979202 0.36507 0.0406103 0.0521094
0 0.111913 0.259727 0.11439 0.0916406
0 0.140035 0.21193 0.0507277 0.0302344
0 0.5827 0.451719 0.130986 0.134344
0 0.321408 0.270773 0.114131 0.0821406
