0 0.398313 0.528708 0.0143125 0.0467083
0 0.419125 0.530073 0.0268125 0.0554792
0 0.304227 0.540052 0.0263594 0.0388125
0 0.369195 0.530937 0.0322969 0.0630417
0 0.450164 0.545146 0.0109219 0.0228333
0 0.740703 0.569813 0.0962812 0.0472917
0 0.616305 0.550531 0.00998438 0.0389375
0 0.647883 0.54625 0.0123594 0.0222083
0 0.679078 0.553167 0.0180937 0.0357917
0 0.570914 0.5485 0.0111719 0.0340417
0 0.232438 0.52 0.0465625 0.0347083
0 0.759828 0.533865 0.00609375 0.00827083
0 0.590633 0.555229 0.00760937 0.016875
