0 0.548656 0.925958 0.0574375 0.148084
0 0.606328 0.925058 0.0293125 0.149696
0 0.666789 0.921682 0.0327969 0.155748
0 0.864164 0.932734 0.0480469 0.0706542
0 0.938539 0.904311 0.0324219 0.116939
0 0.19643 0.880421 0.0138906 0.0366355
0 0.0678281 0.925701 0.043125 0.148318
0 0.322945 0.930093 0.0306719 0.139813
0 0.650055 0.925806 0.0322344 0.148388
0 0.24407 0.922185 0.0338281 0.128621
0 0.207437 0.930748 0.0419687 0.138505
0 0.434289 0.923283 0.0299219 0.130771
0 0.971352 0.91896 0.0572969 0.162079
