2 0.179836 0.521657 0.180672 0.122981
6 6.0 6.0 6.0 6.0
0 0.201687 0.631448 0.168906 0.579777
0 0.680281 0.494554 0.0310937 0.184875
0 0.781883 0.494485 0.0313906 0.158719
0 0.911664 0.489471 0.0474844 0.193649
0 0.533859 0.49046 0.0232187 0.139526
0 0.513266 0.496448 0.0180937 0.123872
0 0.417 0.459457 0.0251563 0.057688
0 0.392242 0.444067 0.0332344 0.0780501
0 0.369453 0.495919 0.0253125 0.150279
0 0.420695 0.489053 0.0336719 0.141337
2 0.980094 0.481574 0.0387188 0.177465
0 0.33282 0.640613 0.166141 0.595432
0 0.934172 0.489331 0.045625 0.188691
