1 0.0771 0.5469 0.01116 0.0434579
3 0.78775 0.580062 0.01826 0.0447352
4 4.0 4.0 4.0 4.0
4 4.0 4.0 4.0 4.0
4 4.0 4.0 4.0 4.0
6 6.0 6.0 6.0 6.0
6 6.0 6.0 6.0 6.0
6 6.0 6.0 6.0 6.0
6 6.0 6.0 6.0 6.0
0 0.87658 0.499159 0.02112 0.100685
0 0.7446 0.460997 0.01336 0.0282866
0 0.75417 0.462461 0.00958 0.01919
0 0.0563 0.49715 0.02592 0.0493146
0 0.78455 0.461994 0.01446 0.0221807
0 0.09712 0.518816 0.0164 0.100935
0 0.10185 0.493022 0.01866 0.0934579
2 0.88257 0.90514 0.15082 0.163302
2 0.82162 0.953925 0.189 0.0696573
2 0.63148 0.918162 0.1506 0.163676
6 6.0 6.0 6.0 6.0
2 0.5642 0.884704 0.14048 0.188224
2 0.52907 0.771667 0.13306 0.238474
2 0.13751 0.789361 0.12838 0.167134
2 0.13594 0.94419 0.18004 0.111558
2 0.75031 0.822648 0.1439 0.157632
2 0.34666 0.916838 0.16768 0.166324
2 0.80728 0.76486 0.10548 0.130841
2 0.70297 0.660919 0.09078 0.126573
2 0.62626 0.418972 0.0388 0.0559502
