0 0.178781 0.600627 0.00571875 0.0336086
0 0.166195 0.604373 0.00510938 0.0318654
0 0.197773 0.610902 0.00539063 0.0307339
0 0.210773 0.603073 0.00542188 0.033792
0 0.217805 0.606758 0.00623438 0.0401835
0 0.226984 0.611865 0.00725 0.0303364
0 0.239273 0.609373 0.00642188 0.0353211
0 0.245891 0.609281 0.0080625 0.0332416
0 0.528555 0.663119 0.0123281 0.0442813
0 0.317391 0.652187 0.0110937 0.0255352
0 0.490742 0.654281 0.00904687 0.039633
0 0.460906 0.64763 0.0106563 0.0174618
0 0.439977 0.608517 0.00973437 0.0403976
