0 0.0647188 0.632289 0.129438 0.366578
0 0.321323 0.592344 0.156146 0.317563
0 0.563292 0.526508 0.148958 0.208141
0 0.661052 0.480008 0.0942292 0.254609
0 0.908 0.191734 0.066625 0.135
0 0.936375 0.405172 0.09375 0.208812
0 0.167323 0.327109 0.120729 0.150938
0 0.0480521 0.287938 0.0961042 0.179313
0 0.757865 0.452469 0.113979 0.239125
0 0.838573 0.478547 0.0896458 0.131156
0 0.511698 0.38393 0.0889375 0.0896406
0 0.0781562 0.0355938 0.0639375 0.0711875
0 0.124813 0.106875 0.09075 0.130469
