2 0.632289 0.608083 0.115547 0.176056
2 0.848148 0.628917 0.157703 0.178444
2 0.739891 0.595986 0.0878125 0.120694
2 0.57057 0.586417 0.0432031 0.0954444
2 0.540289 0.570222 0.0321719 0.0372222
2 0.685055 0.572181 0.0446094 0.08525
0 0.410367 0.6105 0.0443281 0.169833
0 0.0209297 0.598167 0.0297031 0.152944
0 0.0594141 0.607861 0.0328594 0.146056
0 0.988164 0.612667 0.0236719 0.163278
0 0.958883 0.556403 0.0174844 0.0698056
4 4.0 4.0 4.0 4.0
0 0.0324141 0.544139 0.0159844 0.0362222
0 0.204578 0.559264 0.0051875 0.0138056
0 0.254258 0.567903 0.00804688 0.0494722
0 0.301367 0.535056 0.00642188 0.0218889
4 4.0 4.0 4.0 4.0
