0 0.565469 0.426061 0.0409375 0.174717
0 0.66675 0.409045 0.047125 0.184976
0 0.456 0.46191 0.0521875 0.185283
0 0.397305 0.480731 0.0647969 0.180943
0 0.52643 0.451297 0.0442656 0.181368
0 0.222641 0.527252 0.0669687 0.19191
0 0.133039 0.52954 0.0537656 0.205401
0 0.719945 0.37612 0.0641719 0.17342
0 0.887703 0.359304 0.055625 0.157382
0 0.922117 0.374929 0.0680469 0.122028
0 0.0237109 0.583903 0.0474219 0.205542
0 0.228914 0.501474 0.0609531 0.187995
0 0.216922 0.475059 0.0721563 0.170825
