0 0.963578 0.864684 0.0174687 0.0619949
0 0.799563 0.883775 0.019875 0.0767929
0 0.764117 0.862967 0.0146094 0.0416414
0 0.73107 0.87899 0.0162656 0.0732828
0 0.477836 0.881427 0.0132031 0.0680556
0 0.435813 0.879369 0.0136875 0.0557576
0 0.238703 0.885846 0.0116562 0.0502778
0 0.201875 0.880947 0.00790625 0.032197
0 0.185055 0.88476 0.00885937 0.0463384
0 0.789672 0.861048 0.009625 0.0518939
0 0.1915 0.892323 0.0111562 0.0328283
0 0.753609 0.866288 0.011 0.0284848
0 0.208859 0.886073 0.00575 0.0193182
