0 0.488758 0.676219 0.235953 0.647562
0 0.72225 0.640813 0.153031 0.713
0 0.300828 0.61399 0.168187 0.667438
0 0.83443 0.57301 0.0719219 0.384604
0 0.897203 0.424729 0.0387813 0.112042
0 0.968969 0.385135 0.0273125 0.0612292
0 0.651953 0.520229 0.0715625 0.349625
0 0.972828 0.518344 0.0534375 0.239854
0 0.0254766 0.555906 0.0479219 0.324604
0 0.453086 0.509281 0.0753906 0.309396
0 0.108148 0.603333 0.0795156 0.424292
6 0.932648 0.335229 0.134703 0.149583
0 0.175227 0.577094 0.0806406 0.416604
0 0.865914 0.418177 0.0603906 0.135063
