3 0.483817 0.530648 0.179906 0.0877656
4 4.0 4.0 4.0 4.0
4 4.0 4.0 4.0 4.0
0 0.50459 0.742828 0.191382 0.277813
0 0.777763 0.756852 0.136651 0.306672
0 0.644696 0.678609 0.0976347 0.225031
0 0.423431 0.715492 0.141475 0.303953
0 0.605234 0.571359 0.0893443 0.108
0 0.700913 0.647859 0.0672131 0.204906
4 4.0 4.0 4.0 4.0
0 0.345574 0.623695 0.105527 0.207891
0 0.373735 0.509602 0.0440515 0.117516
0 0.208361 0.603539 0.130539 0.152578
3 0.864473 0.724437 0.137002 0.161187
4 4.0 4.0 4.0 4.0
0 0.701487 0.890125 0.484005 0.21975
0 0.528829 0.609023 0.144028 0.144828
0 0.724098 0.668234 0.0690867 0.101406
0 0.221265 0.765867 0.283981 0.231016
4 4.0 4.0 4.0 4.0
