0 0.575586 0.867677 0.0345469 0.135187
0 0.056875 0.971229 0.021875 0.0575417
0 0.108445 0.947958 0.0276719 0.101292
0 0.356016 0.892625 0.0106563 0.04
0 0.234961 0.897875 0.0166719 0.02675
0 0.804117 0.874167 0.0315469 0.0762917
0 0.699055 0.855135 0.0570156 0.266729
0 0.748266 0.903635 0.0043125 0.0122708
0 0.248648 0.911323 0.0168594 0.0134792
0 0.273055 0.905344 0.00501563 0.0091875
0 0.378273 0.903271 0.00776562 0.0232083
0 0.0770312 0.953563 0.020375 0.092875
0 0.38482 0.905365 0.00829687 0.0174792
