0 0.440927 0.562641 0.135438 0.241531
0 0.496365 0.429711 0.0240625 0.0606406
0 0.532594 0.416773 0.0512708 0.0589219
0 0.521385 0.540484 0.0498125 0.0896563
0 0.597979 0.511492 0.078125 0.0680156
0 0.28626 0.773883 0.187438 0.373672
0 0.572948 0.446211 0.0326875 0.0672031
0 0.0921146 0.729609 0.135104 0.26525
0 0.555792 0.511992 0.0576667 0.0748594
0 0.478323 0.453961 0.0308958 0.0701719
0 0.0363542 0.501836 0.0695417 0.140734
0 0.670979 0.413828 0.0394167 0.0510312
0 0.649021 0.452844 0.0348333 0.0526875
