0 0.52307 0.606991 0.114047 0.429016
0 0.180633 0.604696 0.0938281 0.447658
0 0.14675 0.757494 0.109438 0.485012
0 0.404055 0.620222 0.103453 0.161803
0 0.696094 0.382283 0.0792188 0.103255
0 0.0258906 0.527763 0.0517813 0.193419
0 0.0839453 0.55226 0.0882656 0.155527
0 0.0929922 0.286241 0.102047 0.141335
0 0.394961 0.285316 0.0496406 0.128712
0 0.576648 0.0868735 0.0358594 0.0946838
0 0.275938 0.343396 0.0674375 0.0916628
0 0.216297 0.327834 0.0656562 0.108548
0 0.902781 0.402201 0.104 0.112646
