1 0.436781 0.517071 0.114531 0.187029
2 0.233383 0.401402 0.202859 0.146485
2 0.697727 0.387458 0.225078 0.162238
2 0.800805 0.380272 0.100547 0.093431
2 0.512492 0.369006 0.149734 0.0817364
0 0.638617 0.600272 0.294703 0.799456
0 0.337844 0.381789 0.0518438 0.178389
0 0.87618 0.405921 0.0613594 0.183891
0 0.454273 0.356213 0.0317969 0.0749372
0 0.0497578 0.397699 0.0412031 0.171715
0 0.481695 0.428086 0.110766 0.240439
0 0.911734 0.384697 0.033625 0.160983
2 0.956734 0.362448 0.0699687 0.098954
6 6.0 6.0 6.0 6.0
0 0.966172 0.366548 0.0349375 0.110795
0 0.700383 0.306925 0.0482031 0.0702092
0 0.993984 0.360858 0.0120313 0.0789958
0 0.0132109 0.406841 0.0264219 0.216987
0 0.147328 0.345533 0.0287187 0.10023
2 0.177297 0.353013 0.0475938 0.0505021
2 0.377141 0.363431 0.0329375 0.061046
