0 0.45382 0.375864 0.154891 0.371262
0 0.223531 0.423026 0.09475 0.475257
0 0.128203 0.322418 0.154438 0.644836
0 0.332992 0.249953 0.0807031 0.367196
0 0.505313 0.322874 0.0749688 0.251121
0 0.714922 0.329498 0.113094 0.243294
0 0.83607 0.230537 0.0966094 0.461075
0 0.924445 0.204136 0.0574531 0.218692
0 0.98282 0.373341 0.0343594 0.144346
0 0.0297656 0.324089 0.039375 0.244206
0 0.0610313 0.326215 0.0490312 0.253692
0 0.962328 0.245 0.0240313 0.133364
0 0.625328 0.310386 0.0972812 0.283107
