2 0.906797 0.672448 0.148125 0.150271
2 0.979227 0.640552 0.0415469 0.0538125
2 0.736031 0.62601 0.0543438 0.0421042
0 0.693539 0.651687 0.0353906 0.134833
0 0.78025 0.650438 0.0303125 0.119708
0 0.544133 0.652115 0.0236406 0.121354
0 0.494469 0.658583 0.019125 0.0977917
0 0.0620703 0.658198 0.0181719 0.0503958
2 0.244703 0.662583 0.0396875 0.047875
6 6.0 6.0 6.0 6.0
0 0.807602 0.602313 0.00676562 0.0174583
2 0.21707 0.67249 0.0292656 0.0390208
6 6.0 6.0 6.0 6.0
6 6.0 6.0 6.0 6.0
6 6.0 6.0 6.0 6.0
0 0.824203 0.648958 0.0256875 0.113458
2 0.750234 0.634042 0.0395937 0.0492083
2 0.0962891 0.683771 0.0342031 0.0280417
4 4.0 4.0 4.0 4.0
2 0.546633 0.652604 0.0581094 0.042625
2 0.265219 0.666073 0.00559375 0.0181875
