1 0.903838 0.821719 0.192324 0.356563
2 0.346056 0.416914 0.333662 0.106297
0 0.66169 0.544312 0.140282 0.195469
3 0.468204 0.699227 0.229883 0.179891
3 0.376021 0.860734 0.442371 0.278531
3 0.589519 0.601703 0.0597887 0.155
3 0.860446 0.618859 0.152488 0.23
3 0.252805 0.56818 0.246127 0.141328
3 0.492559 0.564523 0.156854 0.162328
3 0.797817 0.49982 0.147089 0.0783281
3 0.875833 0.473687 0.0880047 0.09325
6 0.590763 0.377773 0.281103 0.0648906
3 0.525669 0.639336 0.0780986 0.103078
3 0.942183 0.455055 0.0722535 0.0887656
6 0.0958685 0.684914 0.191737 0.445797
