0 0.657883 0.786469 0.0880469 0.327146
0 0.705016 0.791042 0.0554375 0.275125
0 0.565445 0.68876 0.0421406 0.159562
0 0.81818 0.738917 0.0681094 0.311833
0 0.518445 0.68824 0.0454844 0.186812
0 0.485984 0.681823 0.0392813 0.189521
0 0.434469 0.639865 0.0235938 0.0606875
0 0.45493 0.667812 0.0245781 0.130333
0 0.411406 0.660958 0.0279687 0.0589167
0 0.747531 0.765625 0.05575 0.269958
0 0.535898 0.521521 0.0179219 0.0255417
0 0.776914 0.668698 0.0270156 0.122479
0 0.844125 0.625458 0.0267812 0.05
3 0.818477 0.572812 0.0443281 0.0545
