4 4.0 4.0 4.0 4.0
0 0.160234 0.354028 0.0287187 0.0621077
0 0.193469 0.356897 0.0380625 0.0574941
0 0.226203 0.357518 0.0301875 0.0554567
0 0.258477 0.356323 0.0290156 0.0450585
0 0.341875 0.352763 0.066375 0.0546136
0 0.400859 0.346792 0.0320312 0.06637
0 0.408609 0.621569 0.0361563 0.0612178
0 0.912703 0.699063 0.0543438 0.197518
0 0.94182 0.648302 0.0379219 0.134965
0 0.654219 0.615726 0.034625 0.12555
4 4.0 4.0 4.0 4.0
0 0.991055 0.623747 0.0178906 0.101967
0 0.422055 0.619333 0.0170156 0.0353396
0 0.31807 0.607506 0.0297031 0.0525761
