0 0.423053 0.640565 0.173862 0.637332
0 0.675144 0.742692 0.120641 0.396779
0 0.24738 0.800781 0.102324 0.275457
0 0.389904 0.794183 0.0452564 0.259183
0 0.41254 0.805986 0.0577404 0.225962
0 0.427604 0.791623 0.0485737 0.245697
0 0.343526 0.840841 0.0494872 0.139375
0 0.850601 0.740998 0.0615545 0.259014
0 0.119119 0.830457 0.0688462 0.258173
2 0.802692 0.74357 0.0452564 0.071226
0 0.0420112 0.836202 0.0638942 0.265
0 0.185144 0.866442 0.0442308 0.163413
2 0.949463 0.731779 0.101074 0.109904
0 0.577492 0.468822 0.226843 0.703894
0 0.966683 0.728762 0.0510256 0.144014
2 0.921947 0.723582 0.0617788 0.0597115
