0 0.119016 0.248875 0.0124375 0.0362917
0 0.261781 0.280656 0.0279687 0.0513958
0 0.432633 0.29174 0.0134219 0.0383125
0 0.412188 0.253417 0.00659375 0.0253333
0 0.46882 0.263396 0.00617188 0.0313333
0 0.557578 0.270531 0.0124688 0.0273125
0 0.709492 0.297917 0.0145781 0.045375
0 0.958508 0.423687 0.0829844 0.062125
0 0.913891 0.399854 0.130594 0.0332083
0 0.206914 0.254937 0.0119531 0.0255417
0 0.427406 0.253583 0.009875 0.019
0 0.290023 0.255083 0.0142656 0.0678333
0 0.333289 0.347281 0.0407969 0.0354792
