0 0.532727 0.743439 0.132422 0.386532
0 0.93607 0.639321 0.103266 0.519104
0 0.267938 0.743945 0.117625 0.345058
0 0.172719 0.740202 0.126406 0.352775
0 0.0895 0.564176 0.101063 0.342341
0 0.185734 0.488699 0.0830313 0.23948
0 0.269383 0.513049 0.0873281 0.24685
0 0.357539 0.528512 0.0787969 0.281185
0 0.425039 0.758107 0.129016 0.334538
0 0.0874844 0.774393 0.109813 0.31578
0 0.666312 0.753642 0.120844 0.376994
0 0.537328 0.526821 0.093 0.326821
0 0.359711 0.769523 0.102766 0.315116
