2 0.606953 0.244615 0.347531 0.318979
0 0.980719 0.132896 0.0385625 0.188167
0 0.384117 0.0825625 0.0252656 0.0415833
0 0.424391 0.0771146 0.0140313 0.0312708
0 0.953617 0.0999583 0.0309844 0.112292
0 0.938016 0.0834271 0.0373437 0.122729
0 0.763023 0.129281 0.0506094 0.158896
0 0.448562 0.0939063 0.0220312 0.0864375
0 0.468148 0.109406 0.0229531 0.0923542
0 0.674258 0.0653333 0.0343906 0.0489583
0 0.647164 0.0515521 0.0177031 0.0724792
3 0.548141 0.477479 0.788844 0.682417
0 0.906242 0.061125 0.0309531 0.076125
0 0.968914 0.0990833 0.0290156 0.133917
0 0.417563 0.0990521 0.0195 0.0803542
