2 0.157367 0.474234 0.180359 0.177785
0 0.815141 0.537319 0.105187 0.270414
0 0.747016 0.491936 0.044625 0.17853
0 0.623773 0.544224 0.0564844 0.208613
0 0.542336 0.449555 0.0413281 0.155507
0 0.438359 0.481905 0.0340625 0.080911
0 0.42032 0.463168 0.0367031 0.119669
0 0.393422 0.462298 0.0240938 0.116646
0 0.0760156 0.466563 0.0312812 0.141408
0 0.683164 0.543292 0.0443594 0.225052
0 0.672594 0.510569 0.0535 0.253023
0 0.642164 0.427081 0.0174219 0.0432712
0 0.619883 0.415424 0.0127656 0.0244306
0 0.102586 0.424182 0.0260156 0.0500621
