0 0.626039 0.646581 0.0655156 0.198689
0 0.396422 0.0956674 0.0297812 0.125433
0 0.831156 0.151944 0.035875 0.0517096
0 0.120336 0.0994848 0.0385781 0.100422
0 0.0444609 0.513407 0.0600469 0.0803044
0 0.897109 0.198653 0.029625 0.0550585
0 0.768211 0.198829 0.0357031 0.0608899
0 0.954664 0.192436 0.0204219 0.0496019
0 0.971586 0.245234 0.0196094 0.0466276
0 0.0166641 0.776686 0.0329844 0.0632084
0 0.0224609 0.848677 0.0432344 0.10082
0 0.447125 0.0695082 0.0251875 0.113255
0 0.849227 0.397529 0.0312969 0.0938407
