0 0.568406 0.636515 0.1085 0.162521
0 0.714039 0.451684 0.0901719 0.182903
0 0.371148 0.559364 0.0848281 0.131144
0 0.185359 0.517278 0.0477812 0.0807839
0 0.131781 0.553612 0.0327812 0.102648
0 0.05875 0.55375 0.0685313 0.0845339
0 0.502297 0.528379 0.0763438 0.101038
0 0.477641 0.613761 0.0414062 0.152309
0 0.290836 0.552023 0.0567344 0.0978178
0 0.42468 0.582956 0.0401406 0.100911
0 0.935375 0.540763 0.0537813 0.121314
0 0.985297 0.511112 0.0294063 0.0691314
0 0.233828 0.520307 0.0578125 0.0918856
