1 0.484031 0.697759 0.040625 0.10112
1 0.0673594 0.674876 0.0441875 0.170207
1 0.583375 0.794844 0.154812 0.30973
1 0.844156 0.70001 0.0439688 0.126992
1 0.174484 0.598672 0.0362813 0.0747303
1 0.881969 0.70222 0.0941562 0.202033
1 0.701734 0.898817 0.0460625 0.169419
1 0.109586 0.585985 0.0268594 0.0971992
1 0.824437 0.821598 0.0704687 0.0965145
0 0.541539 0.530104 0.0433281 0.167178
1 0.504305 0.65444 0.0312344 0.14888
1 0.525102 0.625322 0.0241719 0.0662448
1 0.668875 0.65222 0.030375 0.0448133
1 0.176898 0.601888 0.00926562 0.0280498
