0 0.461023 0.361594 0.358797 0.696681
0 0.222594 0.117325 0.0640625 0.108406
0 0.159141 0.370295 0.0849688 0.15238
0 0.345547 0.388603 0.0499687 0.126288
0 0.0925312 0.363908 0.0582812 0.146987
0 0.172609 0.126299 0.0905312 0.147838
0 0.921133 0.134017 0.0628594 0.117118
0 0.766531 0.07619 0.0552188 0.0985808
0 0.0989375 0.161965 0.0660937 0.114847
0 0.0622266 0.137937 0.0469219 0.0843013
0 0.823094 0.17929 0.062625 0.0860917
0 0.431047 0.151452 0.0459062 0.0865284
0 0.16682 0.177915 0.0505156 0.0962664
