0 0.791109 0.829642 0.0170937 0.0716468
0 0.776969 0.828986 0.0169375 0.082315
0 0.72875 0.831468 0.0128125 0.06642
1 0.811133 0.829845 0.0317656 0.0366348
1 0.686531 0.836325 0.0118438 0.0402387
1 0.671812 0.84284 0.00496875 0.0199523
2 0.498555 0.838234 0.103609 0.103962
2 0.395313 0.849654 0.0981563 0.107661
2 0.0830469 0.928508 0.137625 0.142983
2 0.618359 0.847196 0.0819688 0.0554893
0 0.663797 0.829594 0.0141875 0.0602387
0 0.551406 0.811098 0.0106875 0.0190931
0 0.0469922 0.839618 0.0245469 0.0417661
0 0.00749219 0.866969 0.0148594 0.0831981
0 0.0627187 0.838174 0.0093125 0.0370644
0 0.0862969 0.837995 0.0039375 0.0273031
0 0.0145703 0.869785 0.0167031 0.0787112
2 0.988555 0.815907 0.0228906 0.0801193
2 0.227578 0.837637 0.0262812 0.0396659
2 0.295492 0.837458 0.0294531 0.0294272
2 0.0285156 0.95315 0.0555937 0.0935084
2 0.929078 0.820859 0.1115 0.0816706
2 0.248539 0.835131 0.0218906 0.0291169
2 0.136773 0.861921 0.0419531 0.052864
2 0.266453 0.830119 0.0119688 0.0133652
2 0.569086 0.844797 0.0457031 0.0589499
0 0.175828 0.892864 0.0265625 0.188305
0 0.189664 0.850107 0.0160469 0.0841766
