2 0.215766 0.317998 0.285438 0.249906
2 0.47893 0.292775 0.138609 0.181101
2 0.0432422 0.237482 0.0852969 0.0649883
0 0.275602 0.619988 0.297578 0.457775
0 0.0669063 0.521077 0.133813 0.601733
0 0.280367 0.246066 0.116953 0.298876
0 0.37925 0.237155 0.0858125 0.304005
0 0.695547 0.399672 0.0984375 0.225714
0 0.799641 0.537225 0.28825 0.614169
0 0.902898 0.26644 0.139922 0.351429
0 0.906359 0.475913 0.125719 0.327143
0 0.984602 0.442037 0.0307969 0.293443
0 0.596633 0.381464 0.111953 0.391546
2 0.749086 0.215691 0.251703 0.148525
0 0.63618 0.470129 0.0537344 0.305035
