0 0.43232 0.543828 0.0958594 0.629194
0 0.369586 0.390366 0.0664219 0.573333
0 0.789711 0.456136 0.0862344 0.470147
0 0.282867 0.241575 0.0392656 0.118901
0 0.919312 0.458681 0.124375 0.61641
0 0.689695 0.499505 0.0699844 0.6563
0 0.260734 0.573114 0.149438 0.834505
0 0.118094 0.418352 0.061 0.571648
0 0.513773 0.490714 0.0685781 0.453883
0 0.771266 0.419615 0.0664062 0.490879
0 0.164836 0.491355 0.0663594 0.528425
0 0.0914844 0.455183 0.128469 0.567289
0 0.310172 0.679304 0.081625 0.358828
