2 0.15927 0.378109 0.318539 0.199219
0 0.82187 0.758664 0.35626 0.482672
0 0.233178 0.700891 0.235795 0.598219
0 0.82114 0.451047 0.29252 0.809406
0 0.502496 0.458086 0.125955 0.219422
0 0.363411 0.483125 0.10634 0.189906
0 0.130425 0.661805 0.1639 0.613484
0 0.612632 0.515906 0.104912 0.336094
0 0.580305 0.376359 0.0359872 0.0510625
0 0.667223 0.446453 0.0644302 0.191219
0 0.428668 0.411008 0.055923 0.112484
0 0.59951 0.335453 0.0369021 0.0496875
0 0.47321 0.717672 0.215409 0.564656
0 0.0746469 0.449078 0.0705778 0.246656
