0 0.82718 0.547581 0.342547 0.412777
0 0.757367 0.839328 0.485266 0.298872
0 0.146008 0.712842 0.288766 0.554056
0 0.692305 0.313547 0.0658281 0.102321
0 0.244422 0.47641 0.168344 0.337072
0 0.514297 0.329664 0.0775937 0.122191
0 0.404727 0.393449 0.137828 0.216833
0 0.189898 0.567148 0.197359 0.353731
0 0.471156 0.352668 0.04175 0.148026
0 0.767461 0.369859 0.0966406 0.14102
0 0.759414 0.351399 0.0572656 0.128221
0 0.58575 0.311551 0.0697187 0.121323
0 0.351359 0.42026 0.168 0.232278
