0 0.795508 0.488771 0.158422 0.330333
0 0.747414 0.391979 0.0750156 0.156167
0 0.266047 0.48874 0.246625 0.227479
0 0.200359 0.441906 0.0823438 0.181812
0 0.451687 0.459552 0.0674063 0.173021
0 0.135422 0.439167 0.0510938 0.0851667
0 0.359672 0.436781 0.0600313 0.142687
0 0.426852 0.45201 0.0629219 0.194896
0 0.510523 0.424104 0.0394531 0.099875
0 0.546969 0.424677 0.04125 0.0901875
0 0.907836 0.40551 0.0418281 0.0723958
0 0.962016 0.451167 0.0759688 0.16775
0 0.0516797 0.490656 0.0873906 0.106021
