5 0.67668 0.417306 0.549797 0.457396
5 0.34175 0.335954 0.298469 0.137078
5 0.901781 0.420626 0.196437 0.461889
0 0.0939219 0.434533 0.033375 0.113956
0 0.348719 0.469324 0.0289375 0.186918
0 0.250398 0.463996 0.0359219 0.21328
0 0.28825 0.470129 0.0445625 0.204314
0 0.324953 0.474493 0.0391562 0.178648
0 0.420539 0.457197 0.0310156 0.20827
0 0.387148 0.457366 0.0662031 0.181889
0 0.44707 0.399483 0.0259844 0.080159
0 0.0234297 0.47825 0.0318906 0.196501
0 0.0543281 0.458966 0.0468125 0.250298
0 0.221945 0.461233 0.0252969 0.192207
0 0.0741719 0.445865 0.0117813 0.0800795
0 0.321664 0.389165 0.0394531 0.0553877
