0 0.501969 0.452178 0.368469 0.549555
0 0.195906 0.311417 0.0384062 0.115152
0 0.22525 0.310316 0.0309063 0.0896721
0 0.148492 0.344098 0.0396094 0.0755035
0 0.405391 0.221616 0.0141563 0.0537705
0 0.451078 0.199415 0.00784375 0.0325059
0 0.872789 0.19041 0.0359844 0.106347
0 0.0517656 0.321499 0.0502812 0.075363
0 0.261914 0.242681 0.0234219 0.0819438
0 0.241398 0.276827 0.0380781 0.0968384
0 0.166047 0.330703 0.0314688 0.0693208
0 0.0556094 0.310164 0.0325 0.0701171
0 0.0778281 0.311897 0.0314063 0.0577518
