0 0.250844 0.354375 0.0236875 0.0525
0 0.822609 0.363781 0.0395937 0.0600208
0 0.796352 0.45549 0.0387656 0.107854
0 0.614367 0.358281 0.0192656 0.0321042
0 0.499594 0.369562 0.0191875 0.0570833
0 0.420648 0.35574 0.0197969 0.0328125
0 0.417312 0.434302 0.0289687 0.0803542
0 0.266609 0.343094 0.01175 0.0258542
2 0.96468 0.401271 0.0706406 0.0351667
2 0.888734 0.39549 0.0584375 0.0193125
2 0.898703 0.391979 0.0645 0.029125
2 0.935977 0.385458 0.0479844 0.0235833
2 0.867086 0.372688 0.0161094 0.02025
2 0.917289 0.372167 0.0367344 0.0125417
2 0.769633 0.385406 0.0664844 0.0278125
2 0.782117 0.38049 0.0291406 0.0189792
0 0.634859 0.373729 0.0184062 0.0579167
0 0.84582 0.372104 0.0171406 0.0495833
2 0.982211 0.375979 0.0355781 0.017375
2 0.536109 0.374677 0.0630938 0.0231458
0 0.407805 0.376271 0.00867187 0.017375
0 0.411328 0.355333 0.00946875 0.0240833
