0 0.903602 0.912708 0.00642188 0.050875
0 0.825859 0.893292 0.00871875 0.0187083
0 0.775977 0.897531 0.00917187 0.0162708
0 0.994188 0.89726 0.0111562 0.0578542
0 0.972867 0.895948 0.00792188 0.0119375
0 0.866578 0.901292 0.0120313 0.0179167
0 0.875711 0.899875 0.00754687 0.0167917
0 0.854703 0.8995 0.0116562 0.0143333
0 0.910797 0.903906 0.008625 0.0255625
0 0.664297 0.88525 0.00484375 0.0140417
0 0.942023 0.924365 0.0235469 0.107479
0 0.961461 0.894385 0.00626562 0.0201875
0 0.688453 0.886583 0.0039375 0.0167083
