5 5.0 5.0 5.0 5.0
0 0.369391 0.524729 0.084375 0.288542
0 0.550828 0.430948 0.0408437 0.173729
0 0.627602 0.377833 0.00926562 0.0497083
0 0.582281 0.376854 0.0115625 0.0530833
0 0.867977 0.603375 0.161797 0.168542
0 0.643484 0.376479 0.00765625 0.04725
0 0.604281 0.375552 0.00840625 0.0463542
0 0.615539 0.375938 0.0134219 0.0527083
0 0.522094 0.39351 0.0169687 0.0780208
0 0.596367 0.37575 0.00735937 0.0409583
0 0.656648 0.37475 0.00995313 0.0505
0 0.509984 0.42249 0.0335625 0.128729
