0 0.126391 0.453935 0.110375 0.247199
0 0.521664 0.613649 0.103359 0.339527
0 0.298234 0.614359 0.0894687 0.321065
0 0.118953 0.636391 0.0825313 0.280631
0 0.243898 0.439201 0.112984 0.255996
0 0.340289 0.424773 0.0915781 0.271282
0 0.434664 0.517002 0.102578 0.438383
0 0.532563 0.404477 0.107313 0.225404
0 0.645648 0.402465 0.111891 0.221972
0 0.739695 0.42716 0.0896719 0.239132
0 0.398203 0.605641 0.117531 0.336213
0 0.792445 0.332071 0.0614219 0.13211
0 0.837906 0.520276 0.104781 0.464536
