0 0.526094 0.770925 0.0326562 0.062178
0 0.575297 0.747459 0.0181562 0.0841452
0 0.140344 0.755855 0.0390313 0.137705
0 0.707984 0.735363 0.0235625 0.0963466
0 0.686055 0.73767 0.0257969 0.0962295
0 0.826125 0.72829 0.012625 0.0504918
0 0.804172 0.730094 0.0140313 0.0466979
0 0.485914 0.744918 0.0110781 0.024637
0 0.90943 0.732319 0.00614063 0.0280094
0 0.887344 0.737026 0.00728125 0.0214988
0 0.612 0.731721 0.00525 0.0166511
0 0.841289 0.734333 0.0176094 0.0268852
0 0.418102 0.747061 0.00885937 0.0249883
