0 0.71182 0.503382 0.383109 0.896406
0 0.487641 0.779777 0.349219 0.417991
0 0.857953 0.149799 0.0841875 0.155536
0 0.945422 0.160725 0.0870625 0.142433
0 0.058 0.172567 0.08875 0.102946
0 0.175 0.0585603 0.085125 0.108103
0 0.159328 0.121496 0.0979688 0.115446
0 0.0627578 0.0966629 0.0999844 0.162656
0 0.855187 0.0497991 0.0602188 0.0960714
0 0.920664 0.074308 0.0792031 0.147411
0 0.821 0.050625 0.0577812 0.100357
0 0.471633 0.0351339 0.152516 0.0702679
0 0.990477 0.153728 0.0190469 0.0610268
