0 0.470781 0.607176 0.354125 0.64046
0 0.599461 0.457343 0.0170781 0.0566109
0 0.655664 0.435094 0.0427969 0.141025
0 0.252711 0.420533 0.0451719 0.150188
0 0.161914 0.428619 0.0695781 0.0548536
0 0.525242 0.418755 0.0744531 0.21818
0 0.58057 0.446831 0.0196719 0.078682
0 0.741578 0.454843 0.0202813 0.0737448
0 0.633539 0.452333 0.0206406 0.0687238
0 0.395844 0.34114 0.0677813 0.142782
0 0.976852 0.48478 0.0462969 0.165711
0 0.276945 0.418337 0.0378906 0.161862
0 0.547664 0.469927 0.0157656 0.0339958
