0 0.569328 0.562594 0.292594 0.558896
0 0.551242 0.242583 0.0491094 0.0914167
0 0.981555 0.0982813 0.0368906 0.0800208
0 0.633633 0.159083 0.0599531 0.108
0 0.788992 0.193385 0.0354531 0.101354
0 0.10618 0.214604 0.121359 0.141583
0 0.736898 0.231854 0.0742656 0.135917
0 0.44257 0.0535729 0.0623594 0.106604
0 0.464109 0.129927 0.06325 0.122854
0 0.550109 0.196479 0.0239063 0.026
0 0.871297 0.175313 0.0792188 0.141667
0 0.700289 0.465281 0.0873906 0.230187
0 0.855047 0.660615 0.288094 0.325229
