4 4.0 4.0 4.0 4.0
4 4.0 4.0 4.0 4.0
4 4.0 4.0 4.0 4.0
4 4.0 4.0 4.0 4.0
0 0.508664 0.376432 0.0464219 0.068169
0 0.359367 0.397641 0.0495469 0.0560798
0 0.230359 0.418298 0.0200938 0.0530751
0 0.184984 0.428333 0.0419687 0.0456808
0 0.58575 0.37588 0.0381563 0.0565493
0 0.675789 0.397406 0.0210469 0.023216
0 0.264313 0.662418 0.0349375 0.0442723
0 0.22307 0.654096 0.0296406 0.0593662
0 0.137391 0.434883 0.0175625 0.0506573
0 0.636648 0.393826 0.0195469 0.0270423
4 4.0 4.0 4.0 4.0
