6 6.0 6.0 6.0 6.0
6 6.0 6.0 6.0 6.0
0 0.0682031 0.248646 0.0186875 0.0490833
0 0.00646875 0.0911667 0.0129375 0.0757083
3 0.53143 0.44849 0.0823906 0.0700208
3 0.627508 0.452292 0.0762969 0.0655417
3 0.428031 0.450323 0.0940625 0.0622292
6 6.0 6.0 6.0 6.0
6 6.0 6.0 6.0 6.0
6 6.0 6.0 6.0 6.0
6 6.0 6.0 6.0 6.0
6 6.0 6.0 6.0 6.0
6 6.0 6.0 6.0 6.0
6 6.0 6.0 6.0 6.0
6 6.0 6.0 6.0 6.0
6 6.0 6.0 6.0 6.0
2 0.784734 0.602583 0.0771875 0.106542
6 6.0 6.0 6.0 6.0
0 0.0879297 0.225135 0.0169844 0.0362292
3 0.465344 0.597094 0.0325937 0.0946458
3 0.745906 0.605198 0.0278438 0.116479
6 6.0 6.0 6.0 6.0
