0 0.906461 0.378042 0.0493281 0.132417
0 0.796047 0.347361 0.0388437 0.0774444
0 0.663062 0.299028 0.0529063 0.0873889
0 0.553094 0.325417 0.0917813 0.188
0 0.106844 0.299444 0.0840313 0.217944
0 0.174633 0.382194 0.120016 0.324111
0 0.231625 0.319958 0.052625 0.190361
0 0.240695 0.286347 0.0269219 0.152917
0 0.277883 0.310181 0.0592031 0.136083
0 0.325141 0.317042 0.0484062 0.144361
0 0.0832031 0.269944 0.033 0.1265
0 0.0950469 0.186875 0.0289063 0.0708611
0 0.878891 0.370597 0.02675 0.0493611
