0 0.683734 0.934903 0.0832187 0.130194
0 0.568758 0.906764 0.0592656 0.178917
0 0.598828 0.919639 0.0885937 0.160722
0 0.22368 0.821181 0.0397031 0.178806
0 0.15132 0.842222 0.0268594 0.129056
0 0.0780312 0.798403 0.035875 0.222806
0 0.596109 0.700778 0.013 0.0382222
0 0.2915 0.905611 0.0673125 0.188778
0 0.107383 0.808028 0.0437031 0.198333
0 0.255133 0.684528 0.0211719 0.0957778
0 0.741852 0.689347 0.00973437 0.0336944
0 0.345148 0.6465 0.0149531 0.0831667
0 0.467898 0.917181 0.100234 0.165639
