2 0.0934844 0.300739 0.181 0.1573
6 0.910391 0.185246 0.179094 0.365469
0 0.675344 0.452805 0.198937 0.775282
0 0.954414 0.638897 0.0910469 0.677136
0 0.33557 0.370646 0.149078 0.504296
0 0.374828 0.242465 0.0139375 0.0853991
0 0.267133 0.25858 0.0185156 0.103826
0 0.198039 0.234085 0.0271719 0.0947418
0 0.0954219 0.214519 0.0145313 0.0366901
2 0.796078 0.257453 0.093 0.0989437
2 0.408094 0.226761 0.0532188 0.0397183
0 0.553141 0.618228 0.135187 0.654859
2 0.279117 0.242406 0.0557656 0.0668779
