0 0.661711 0.635917 0.274109 0.522417
0 0.570672 0.744865 0.242094 0.510271
0 0.476578 0.139271 0.0821563 0.152583
0 0.192156 0.177333 0.0786563 0.0956667
0 0.251242 0.176094 0.0578281 0.0865208
0 0.341914 0.0929375 0.136641 0.163
0 0.335875 0.179156 0.145969 0.103563
0 0.844953 0.112302 0.0939062 0.183271
0 0.581102 0.166219 0.0735781 0.0918125
0 0.638414 0.112906 0.0950781 0.190146
0 0.0435859 0.187417 0.0871719 0.086125
0 0.531445 0.16125 0.0760469 0.0890417
0 0.659883 0.17725 0.0445781 0.0645833
