0 0.398164 0.327859 0.0183594 0.0627188
0 0.576 0.384313 0.0789375 0.188062
0 0.481086 0.344336 0.0315156 0.0706719
0 0.435289 0.355828 0.0413906 0.11125
0 0.343547 0.352672 0.0483125 0.129219
0 0.697984 0.353461 0.0536875 0.138703
0 0.385391 0.361812 0.02975 0.13
0 0.526148 0.373125 0.0385781 0.0981875
0 0.899867 0.354047 0.0418281 0.0720625
0 0.957297 0.355539 0.0854062 0.0796094
0 0.883109 0.388094 0.106438 0.117938
1 0.0297031 0.469656 0.0585625 0.0759375
1 0.0159844 0.431383 0.03175 0.0706719
0 0.409859 0.330727 0.0147813 0.0601719
0 0.980961 0.331109 0.0193906 0.0330312
