0 0.345691 0.524133 0.557143 0.867984
0 0.66034 0.318531 0.169906 0.155
0 0.738431 0.285508 0.119157 0.112359
0 0.853817 0.319648 0.152787 0.182172
0 0.922096 0.290523 0.120211 0.129359
0 0.82048 0.413461 0.19829 0.180703
0 0.586756 0.421422 0.163864 0.113469
0 0.953583 0.389383 0.0928337 0.162328
0 0.911054 0.441516 0.120609 0.0715313
0 0.96671 0.231961 0.0665808 0.154141
0 0.725831 0.37932 0.11363 0.106703
0 0.519321 0.404164 0.0693208 0.117859
0 0.807143 0.206586 0.14089 0.139922
