0 0.242742 0.414125 0.315391 0.499458
0 0.347922 0.215125 0.04775 0.139583
0 0.321852 0.176312 0.0449531 0.0993333
0 0.688914 0.278719 0.235734 0.325146
0 0.877445 0.264698 0.0698906 0.210604
0 0.170992 0.544583 0.338609 0.887125
0 0.262914 0.241573 0.161797 0.253937
0 0.195773 0.165229 0.0475781 0.0992083
0 0.765695 0.663677 0.468609 0.636771
0 0.91707 0.338146 0.165859 0.299833
0 0.398516 0.305458 0.181812 0.300125
0 0.0972734 0.151969 0.0666406 0.0764792
0 0.801578 0.196281 0.0773125 0.141104
