0 0.865852 0.262342 0.0405469 0.0681967
0 0.519211 0.175913 0.0488281 0.102319
0 0.352023 0.176581 0.0513906 0.102717
0 0.617711 0.241569 0.0539844 0.114614
0 0.199187 0.245105 0.0477187 0.0836534
0 0.596406 0.180621 0.104438 0.100258
0 0.926352 0.135726 0.0426406 0.102927
0 0.682 0.205234 0.0580312 0.123068
0 0.337047 0.0794496 0.0619687 0.122225
0 0.440477 0.135574 0.0541719 0.261171
0 0.737578 0.146546 0.0582812 0.119883
0 0.925523 0.579649 0.0880469 0.271194
0 0.383828 0.635714 0.105156 0.14918
