2 0.723117 0.854427 0.226828 0.161229
0 0.472539 0.67751 0.460766 0.625562
0 0.748078 0.838833 0.0630938 0.162375
0 0.233414 0.868719 0.0645469 0.206396
0 0.15843 0.858427 0.0808906 0.238187
0 0.813883 0.784208 0.0446094 0.083875
0 0.494992 0.890281 0.0451094 0.117521
0 0.454289 0.883615 0.0519844 0.139229
0 0.484094 0.813458 0.02525 0.0807917
0 0.600672 0.853594 0.0409375 0.174437
0 0.890188 0.819771 0.0547188 0.184375
0 0.787367 0.780594 0.0452031 0.0822708
0 0.533344 0.852854 0.0525312 0.187292
2 0.907188 0.838563 0.185625 0.149125
2 0.430859 0.871271 0.109531 0.142542
0 0.506711 0.819156 0.0187031 0.0726042
