0 0.345609 0.652885 0.0834375 0.236313
0 0.439625 0.628583 0.0939062 0.2455
0 0.547844 0.606615 0.063875 0.182646
0 0.642352 0.57724 0.0451094 0.141646
0 0.704508 0.60174 0.0430781 0.178771
0 0.483211 0.594427 0.0277344 0.151229
0 0.18607 0.655229 0.0180156 0.183042
0 0.580555 0.584188 0.0152656 0.144958
0 0.679969 0.585177 0.039375 0.116354
0 0.937781 0.545938 0.050125 0.111792
0 0.882633 0.52526 0.0175156 0.0614375
0 0.770602 0.571865 0.0545469 0.127271
0 0.820836 0.605094 0.0713594 0.199979
