0 0.613855 0.648984 0.404766 0.581656
0 0.342967 0.698648 0.334766 0.219422
0 0.230724 0.560797 0.136355 0.241906
0 0.161203 0.469898 0.0671262 0.118547
0 0.880491 0.440766 0.0641121 0.112469
0 0.465117 0.395492 0.0185514 0.0208281
0 0.816308 0.436047 0.0514019 0.108344
0 0.0677921 0.545961 0.0687617 0.0766406
0 0.202956 0.438844 0.0343224 0.080875
0 0.716355 0.418695 0.0463084 0.0471094
0 0.778879 0.442141 0.0555607 0.109031
0 0.443493 0.438063 0.0375467 0.100875
0 0.821098 0.390219 0.0334579 0.0264062
