0 0.458125 0.770776 0.101469 0.426965
0 0.840953 0.722435 0.0504062 0.1828
0 0.483539 0.607765 0.0437344 0.105082
0 0.535867 0.614471 0.0451719 0.103106
0 0.656711 0.615576 0.0489531 0.0977412
0 0.7065 0.621341 0.02925 0.0829647
0 0.776781 0.627259 0.0552813 0.0926353
0 0.801906 0.607424 0.0310625 0.129718
0 0.634609 0.578741 0.0165 0.0346118
0 0.949406 0.6592 0.037875 0.0433412
0 0.843328 0.629071 0.0670313 0.0956
0 0.898656 0.629 0.0438438 0.105624
0 0.0282344 0.6722 0.052125 0.254659
