0 0.194461 0.70243 0.106172 0.510493
0 0.559422 0.695505 0.0987187 0.420211
0 0.817453 0.633709 0.0762812 0.377512
0 0.417414 0.566045 0.0365156 0.152934
0 0.09225 0.601338 0.095625 0.20385
0 0.693523 0.561315 0.0655781 0.178263
0 0.630125 0.541913 0.0501562 0.13007
0 0.750258 0.575153 0.0436719 0.136502
0 0.593422 0.586467 0.0711563 0.177723
0 0.145891 0.706056 0.0734062 0.466526
0 0.481687 0.640176 0.065125 0.280211
0 0.0372031 0.764331 0.0744062 0.471338
0 0.284406 0.678509 0.0898438 0.378239
