0 0.336562 0.717396 0.030125 0.100292
0 0.367727 0.712031 0.0248906 0.100521
0 0.400289 0.707094 0.0325469 0.0964792
0 0.51582 0.660094 0.0168906 0.0563125
0 0.150297 0.775604 0.0470625 0.222083
0 0.0516016 0.749812 0.0513594 0.16725
0 0.0157813 0.754198 0.0315 0.143562
0 0.667125 0.896937 0.130094 0.201333
0 0.761391 0.759063 0.033875 0.037375
0 0.688953 0.668417 0.0237188 0.0490417
0 0.972375 0.877906 0.0196563 0.0388125
0 0.752969 0.651865 0.0159375 0.0498125
0 0.778547 0.669208 0.0167813 0.0626667
