0 0.569562 0.701 0.0951875 0.580222
0 0.669312 0.694375 0.115031 0.60675
0 0.712867 0.29225 0.00960937 0.0302222
0 0.671414 0.317639 0.00573437 0.0509444
0 0.225 0.578653 0.0480312 0.316861
0 0.149727 0.495611 0.0347969 0.164111
0 0.131047 0.492917 0.0334062 0.163833
0 0.0776875 0.47225 0.0264062 0.107
0 0.804742 0.561347 0.0427031 0.262417
0 0.754977 0.540167 0.0540469 0.281611
0 0.970008 0.453944 0.0378906 0.254556
4 0.225492 0.441431 0.188422 0.218472
0 0.398445 0.657403 0.0767656 0.486639
0 0.175453 0.488875 0.0164063 0.168972
