0 0.436945 0.777053 0.0440781 0.202317
0 0.551992 0.785227 0.0647656 0.198917
0 0.604867 0.660176 0.0591719 0.147607
0 0.685266 0.910793 0.0585625 0.173929
0 0.674914 0.77932 0.0522969 0.125189
0 0.722789 0.888866 0.0521719 0.204635
0 0.142508 0.759156 0.0739844 0.236045
0 0.0571562 0.764798 0.064125 0.195491
0 0.195141 0.720353 0.0386875 0.169824
0 0.253906 0.711436 0.0635 0.167406
0 0.462656 0.774912 0.0401562 0.207909
1 0.257422 0.749156 0.107281 0.108489
0 0.584227 0.616411 0.0165781 0.0715113
0 0.839555 0.626335 0.0331719 0.0612343
2 0.868188 0.711637 0.263625 0.176826
2 0.454211 0.460013 0.0209219 0.0580605
