0 0.37882 0.603271 0.171109 0.56825
0 0.68243 0.593 0.107859 0.426958
0 0.745656 0.54824 0.06725 0.327729
0 0.912266 0.513823 0.107594 0.335729
0 0.916289 0.758427 0.167422 0.460687
0 0.586172 0.492552 0.0462813 0.151479
0 0.832453 0.468156 0.07025 0.180938
0 0.492844 0.513625 0.0415312 0.131542
0 0.469969 0.495281 0.02275 0.0851875
0 0.513727 0.491063 0.0404531 0.111875
0 0.779758 0.479385 0.0393594 0.170187
0 0.931555 0.453094 0.136891 0.281813
0 0.631633 0.487375 0.0428281 0.122417
