0 0.668953 0.567062 0.468656 0.865875
0 0.38807 0.576226 0.108359 0.391401
0 0.22293 0.378453 0.0628594 0.146829
0 0.0805 0.357743 0.0605625 0.0991829
0 0.0825703 0.308891 0.0713594 0.0978599
0 0.223805 0.295574 0.0849844 0.152198
0 0.264945 0.241187 0.0707344 0.10642
0 0.177289 0.561984 0.127953 0.383463
0 0.0501797 0.556031 0.0988281 0.393268
0 0.933773 0.269115 0.0722656 0.101732
0 0.272219 0.44535 0.0874687 0.212412
0 0.117742 0.517014 0.0526406 0.070214
0 0.14593 0.394163 0.0632969 0.122802
