2 0.62307 0.692385 0.0436094 0.0273958
2 0.716531 0.69349 0.04725 0.0338542
2 0.671367 0.693187 0.0361406 0.0255833
4 4.0 4.0 4.0 4.0
0 0.390461 0.716042 0.0169219 0.0885417
0 0.747344 0.689823 0.00940625 0.0367292
0 0.527953 0.707781 0.012625 0.0620625
0 0.504164 0.680573 0.00895313 0.0228958
0 0.517687 0.717479 0.012625 0.0458333
2 0.689727 0.690042 0.0207031 0.028
0 0.377469 0.728604 0.0185937 0.065125
2 0.630781 0.673802 0.023625 0.00985417
2 0.648992 0.688292 0.0313281 0.0319583
2 0.586219 0.689781 0.01025 0.0194792
2 0.585539 0.682677 0.0147344 0.0159792
2 0.0476172 0.702813 0.0365469 0.0442917
