0 0.215047 0.609573 0.135531 0.278771
0 0.199445 0.434583 0.119891 0.282417
0 0.137109 0.381115 0.0546875 0.0703542
0 0.0679453 0.396656 0.0851094 0.0890208
0 0.232805 0.215031 0.0903594 0.0941042
0 0.611797 0.2 0.0741563 0.089875
0 0.390859 0.205531 0.0842187 0.0916458
0 0.468898 0.195563 0.0807031 0.0987917
0 0.541875 0.193073 0.0766563 0.0993542
0 0.774844 0.180094 0.050875 0.0945208
0 0.0781094 0.365865 0.0314688 0.0445208
0 0.525766 0.516667 0.18375 0.408333
0 0.314875 0.205365 0.0834063 0.106188
