0 0.291547 0.65618 0.423781 0.665164
0 0.737141 0.349136 0.0685937 0.174159
0 0.961727 0.282699 0.0571719 0.258762
0 0.927977 0.328271 0.0511094 0.179159
0 0.366211 0.145234 0.0712656 0.0769159
0 0.152297 0.260082 0.0544063 0.0979673
0 0.43275 0.137804 0.0535312 0.0792056
0 0.205648 0.253937 0.0520781 0.10021
0 0.590516 0.121495 0.044375 0.0699065
0 0.442234 0.0474299 0.0407813 0.0838318
0 0.73218 0.0404907 0.0476719 0.0792523
0 0.538953 0.122897 0.0385 0.0620093
0 0.671602 0.0561682 0.0437344 0.100607
