2 0.572078 0.862635 0.352594 0.248323
2 0.846297 0.889476 0.307406 0.221048
2 0.782484 0.778623 0.113656 0.0854491
6 0.167703 0.76479 0.328375 0.415749
0 0.419477 0.791647 0.0235469 0.0970659
0 0.488219 0.767485 0.0175937 0.0591617
0 0.465742 0.792066 0.0161719 0.0592814
0 0.391 0.794746 0.0145 0.080988
0 0.449555 0.781168 0.0121719 0.0865868
0 0.349391 0.770719 0.0118125 0.0548503
0 0.367398 0.762081 0.0115781 0.0603892
0 0.504672 0.762201 0.0147813 0.0311677
0 0.332148 0.77018 0.0127344 0.0802994
0 0.474156 0.778892 0.0110937 0.0586826
2 0.969547 0.790509 0.0609062 0.119641
0 0.42857 0.750404 0.00623438 0.0203892
0 0.874953 0.765464 0.0095 0.032485
0 0.439008 0.801437 0.0171094 0.0675449
