0 0.660875 0.810516 0.050875 0.107656
0 0.716852 0.783 0.0189844 0.0470938
0 0.0379531 0.803094 0.0232187 0.0663438
0 0.860742 0.783562 0.0308281 0.0454062
2 0.699812 0.740891 0.042125 0.0321875
2 0.92643 0.741594 0.0402969 0.0265625
2 0.604922 0.743281 0.0432813 0.0299687
2 0.837195 0.785539 0.166359 0.0695469
2 0.791711 0.739492 0.0331719 0.0212031
2 0.854133 0.741375 0.0849844 0.0271562
2 0.803102 0.748883 0.0493594 0.0107344
2 0.973281 0.737516 0.0423437 0.0302187
2 0.750516 0.744844 0.0346875 0.024375
0 0.230117 0.737773 0.00923437 0.0186406
0 0.0560469 0.808883 0.0250937 0.0741094
0 0.949188 0.735742 0.00896875 0.0274844
0 0.278641 0.800172 0.0100938 0.0179063
0 0.898547 0.734805 0.00946875 0.0202344
0 0.326445 0.804297 0.0183594 0.04375
0 0.347758 0.800039 0.0220156 0.0537344
2 0.647328 0.742203 0.036375 0.0260625
2 0.021125 0.751734 0.0332188 0.0222812
2 0.817227 0.746883 0.0176406 0.0117656
6 6.0 6.0 6.0 6.0
6 6.0 6.0 6.0 6.0
6 6.0 6.0 6.0 6.0
