2 0.817141 0.53669 0.0358125 0.0821596
2 0.85032 0.525751 0.0444531 0.0626761
2 0.881375 0.526984 0.0224688 0.0403052
2 0.902859 0.51912 0.0165625 0.019507
2 0.964883 0.520387 0.0247656 0.0305399
2 0.960625 0.50162 0.01175 0.018216
4 0.474844 0.467171 0.215094 0.244249
4 0.725594 0.477477 0.161906 0.218474
0 0.188602 0.527042 0.0300156 0.131878
0 0.165937 0.520458 0.0381563 0.124202
0 0.156031 0.502582 0.0150312 0.114225
0 0.12193 0.530387 0.0177031 0.107113
0 0.0611875 0.490927 0.0383437 0.117019
0 0.030375 0.493192 0.0305937 0.110282
0 0.335578 0.474401 0.0283438 0.031385
0 0.125711 0.468721 0.0178594 0.0612911
0 0.258656 0.471573 0.0151875 0.0331455
5 0.723148 0.479002 0.170922 0.22716
0 0.129148 0.532359 0.00879687 0.101714
0 0.297484 0.463063 0.01275 0.0253286
0 0.241445 0.504613 0.0298594 0.114765
