0 0.426766 0.697073 0.105187 0.369368
0 0.480586 0.683443 0.134047 0.46829
0 0.789937 0.535222 0.125188 0.450726
0 0.753914 0.573864 0.169141 0.524824
0 0.329961 0.735925 0.154797 0.476909
0 0.646172 0.606452 0.122031 0.33459
0 0.5565 0.468466 0.0146563 0.0691101
0 0.360328 0.571358 0.0299063 0.10829
0 0.104258 0.799438 0.113078 0.315082
0 0.125898 0.684953 0.0480781 0.16897
0 0.893578 0.625468 0.131937 0.406721
0 0.143398 0.65445 0.0375781 0.136768
0 0.611422 0.586183 0.107406 0.359485
