0 0.491125 0.228333 0.0103438 0.0473333
0 0.306742 0.251688 0.0168594 0.0584167
0 0.983578 0.252885 0.0180625 0.0707292
0 0.604672 0.243438 0.00615625 0.0289583
0 0.336906 0.253937 0.011375 0.0587083
0 0.359305 0.236646 0.0146094 0.0634583
0 0.107164 0.23499 0.0113281 0.0405625
0 0.952484 0.259313 0.0275 0.060875
0 0.803891 0.219552 0.01 0.0418125
0 0.380539 0.240625 0.0199219 0.0624167
0 0.630164 0.225 0.0161406 0.0786667
0 0.0943203 0.235385 0.00873437 0.0391042
0 0.321078 0.2665 0.0179687 0.0376667
