0 0.833922 0.552424 0.032875 0.132248
0 0.968547 0.925843 0.0569687 0.121335
0 0.145016 0.933536 0.114187 0.131803
0 0.609211 0.944368 0.112172 0.106019
0 0.959391 0.46555 0.0354375 0.0864169
0 0.749156 0.446335 0.0262812 0.0950117
0 0.765852 0.41774 0.0190781 0.0626932
0 0.792016 0.446827 0.0216562 0.0793677
0 0.933844 0.387178 0.0177187 0.061007
0 0.377656 0.894977 0.187812 0.207611
0 0.256008 0.969707 0.0588906 0.0605855
0 0.974195 0.390234 0.0104844 0.064356
0 0.924117 0.97411 0.0492344 0.0517799
