0 0.103829 0.34175 0.0566066 0.08394
0 0.882628 0.80925 0.183694 0.16418
0 0.777387 0.43823 0.0897297 0.07502
0 0.960015 0.4493 0.07997 0.08628
6 6.0 6.0 6.0 6.0
0 0.411997 0.22641 0.0225526 0.04202
0 0.59991 0.72678 0.102943 0.08004
0 0.486592 0.63133 0.0552252 0.10326
0 0.858859 0.23924 0.0203003 0.0208
0 0.575886 0.30934 0.0377778 0.02452
4 4.0 4.0 4.0 4.0
6 6.0 6.0 6.0 6.0
6 6.0 6.0 6.0 6.0
0 0.382763 0.53773 0.117117 0.09146
2 0.294069 0.23604 0.122192 0.05476
4 4.0 4.0 4.0 4.0
0 0.76027 0.34641 0.0413213 0.03634
0 0.17521 0.371 0.0667568 0.044
