2 0.769094 0.958854 0.0658125 0.0585
2 0.826008 0.956958 0.117359 0.06975
0 0.458391 0.958198 0.0140625 0.0579792
2 0.339266 0.951594 0.035 0.0338125
2 0.945305 0.958583 0.109141 0.0808333
0 0.475562 0.943427 0.0063125 0.0298958
0 0.517047 0.952677 0.0078125 0.0320625
2 0.0527734 0.947583 0.0254531 0.0248333
2 0.658539 0.938323 0.0192031 0.0188125
2 0.622281 0.940292 0.0099375 0.0215833
2 0.615695 0.932937 0.0224219 0.019875
2 0.559289 0.93525 0.0308281 0.0217083
2 0.64757 0.940385 0.0263281 0.0164375
2 0.890609 0.953188 0.043125 0.065875
2 0.0253828 0.944396 0.0279844 0.0340417
