4 0.553992 0.532588 0.481266 0.570796
4 0.0670391 0.582119 0.0650781 0.180632
4 0.0202422 0.56966 0.0404844 0.325831
4 0.262539 0.62466 0.118172 0.188337
0 0.881297 0.690667 0.049 0.229016
0 0.931633 0.710995 0.0528281 0.210422
0 0.821266 0.701686 0.047875 0.192834
0 0.856102 0.676405 0.0299844 0.134824
0 0.835203 0.686054 0.0260937 0.165457
0 0.197328 0.625644 0.00953125 0.0569087
0 0.136789 0.624684 0.0119844 0.0429977
0 0.129437 0.626499 0.0065625 0.0348244
0 0.905828 0.679649 0.0255625 0.161358
0 0.182531 0.62452 0.0153437 0.0655738
0 0.104906 0.615902 0.0103125 0.041452
0 0.607992 0.589719 0.0462969 0.0738173
