0 0.640063 0.526016 0.18125 0.293406
0 0.428583 0.499109 0.189292 0.207437
0 0.0792083 0.705445 0.1525 0.589109
0 0.312521 0.470141 0.04825 0.158469
0 0.65099 0.403367 0.0869792 0.0679844
0 0.835688 0.471687 0.0600417 0.144562
0 0.914177 0.459523 0.0721042 0.0516406
0 0.352719 0.425906 0.0431458 0.0804688
0 0.876531 0.527742 0.123854 0.103828
0 0.507177 0.40075 0.0368958 0.0306563
0 0.574063 0.503828 0.186 0.17975
0 0.97176 0.456844 0.0564792 0.117625
0 0.336313 0.406867 0.0599583 0.0633281
