0 0.361031 0.461045 0.0235313 0.0966432
0 0.240516 0.149073 0.0117813 0.0570188
0 0.171602 0.138885 0.0110156 0.0496948
0 0.148445 0.0984155 0.0184844 0.0519014
0 0.212008 0.104988 0.0128281 0.0470657
0 0.933484 0.242559 0.0177187 0.0674178
0 0.945977 0.251913 0.0187656 0.0832629
0 0.258391 0.114026 0.0110312 0.0537324
0 0.236937 0.0903521 0.0148437 0.0560094
0 0.611773 0.242688 0.0149531 0.0584272
0 0.593063 0.247054 0.01775 0.0769718
0 0.983977 0.327688 0.0206719 0.0201643
0 0.497586 0.408697 0.0530469 0.0978169
