0 0.369961 0.434542 0.148703 0.541458
0 0.491789 0.621802 0.400047 0.756396
0 0.848875 0.632583 0.30225 0.725833
0 0.253961 0.367063 0.0973281 0.379917
0 0.842781 0.370646 0.0700937 0.25875
0 0.71875 0.218521 0.0349375 0.102208
0 0.577258 0.25775 0.0527656 0.197458
0 0.0903828 0.334437 0.0203906 0.06725
0 0.0315391 0.353135 0.0619531 0.406479
0 0.145227 0.372417 0.115641 0.394375
0 0.433469 0.416958 0.0475938 0.46875
0 0.723406 0.442406 0.135406 0.388687
0 0.0677656 0.346219 0.0681875 0.320146
