0 0.893898 0.491464 0.0834531 0.38274
0 0.831844 0.265925 0.00909375 0.0166276
0 0.493891 0.464614 0.0474375 0.0676815
0 0.7655 0.280234 0.0185937 0.027822
0 0.729812 0.278829 0.0140313 0.0251054
0 0.185344 0.398009 0.0258437 0.107213
0 0.198859 0.394239 0.0105938 0.110539
0 0.123852 0.299133 0.0120156 0.0500703
0 0.222961 0.336042 0.0193906 0.107166
0 0.161695 0.405878 0.0313906 0.12
0 0.966328 0.490667 0.0493125 0.299368
0 0.169094 0.328653 0.02375 0.0716862
0 0.683789 0.272412 0.0189219 0.0362998
