2 0.804903 0.868242 0.390193 0.137328
2 0.314208 0.855531 0.200811 0.101156
2 0.409884 0.833844 0.114131 0.0569687
2 0.260946 0.184633 0.0896139 0.0460469
2 0.222143 0.818148 0.0498069 0.0283281
2 0.155415 0.814133 0.0368147 0.0177969
2 0.628687 0.820805 0.102278 0.0451094
0 0.0664382 0.206219 0.0665058 0.120094
0 0.0117664 0.847492 0.0235328 0.143734
6 6.0 6.0 6.0 6.0
6 6.0 6.0 6.0 6.0
6 6.0 6.0 6.0 6.0
0 0.449344 0.816273 0.0156757 0.0232031
0 0.0668822 0.850391 0.056583 0.129344
0 0.0318629 0.212578 0.0637259 0.171969
0 0.0101448 0.534719 0.0202896 0.132156
2 0.376583 0.49532 0.042278 0.0131719
2 0.72168 0.184141 0.0909266 0.027625
2 0.187886 0.814117 0.035888 0.0273281
2 0.126718 0.813656 0.0153668 0.013375
2 0.117944 0.813203 0.0146911 0.014
6 6.0 6.0 6.0 6.0
6 6.0 6.0 6.0 6.0
