2 0.156406 0.323536 0.0780625 0.0363934
2 0.688969 0.315504 0.0446562 0.0245902
2 0.293594 0.306347 0.029125 0.0382201
2 0.272813 0.30377 0.0179375 0.0273536
2 0.595133 0.318735 0.0576719 0.0144731
2 0.253969 0.303009 0.0278438 0.0242857
2 0.240898 0.315703 0.120859 0.0308899
0 0.356086 0.608981 0.241391 0.665176
0 0.502258 0.622143 0.180609 0.599555
0 0.628922 0.625867 0.247031 0.654871
0 0.105016 0.299801 0.02775 0.0507026
0 0.0460625 0.307342 0.027625 0.0770258
2 0.158266 0.296628 0.04575 0.0201874
0 0.0678125 0.305363 0.0246875 0.0812646
