0 0.410961 0.58192 0.291109 0.601733
0 0.679125 0.673595 0.188062 0.393747
0 0.765523 0.155246 0.0796406 0.175785
0 0.155383 0.3326 0.0936719 0.294333
0 0.20693 0.308958 0.0720781 0.319742
0 0.268039 0.205398 0.0729844 0.192857
0 0.660313 0.430199 0.104813 0.12822
0 0.763477 0.44733 0.0990781 0.0939578
0 0.96657 0.478244 0.0642656 0.54815
0 0.700102 0.242763 0.106141 0.1637
0 0.588438 0.245328 0.0786875 0.15726
0 0.902945 0.510141 0.156203 0.716393
0 0.301992 0.415726 0.105797 0.127096
