0 0.364719 0.591639 0.0556562 0.182389
0 0.474484 0.552459 0.0666563 0.168993
0 0.62725 0.580281 0.0915 0.192881
0 0.171156 0.522576 0.186031 0.728244
0 0.573328 0.543911 0.03875 0.136112
0 0.687484 0.544988 0.160625 0.7037
0 0.385164 0.445913 0.0347031 0.133372
0 0.891836 0.549555 0.124734 0.292787
0 0.240281 0.593337 0.0896875 0.185831
0 0.613359 0.540738 0.049125 0.13918
0 0.30875 0.597635 0.0818438 0.196721
0 0.52943 0.566698 0.0969844 0.182529
0 0.757773 0.60767 0.0402031 0.121756
