0 0.278859 0.59215 0.0470938 0.165327
0 0.237406 0.606694 0.365 0.523014
0 0.443289 0.539463 0.0753281 0.271495
0 0.870875 0.530339 0.0525937 0.247173
0 0.648461 0.584264 0.0616094 0.188762
0 0.664094 0.555164 0.096375 0.226589
0 0.671516 0.410596 0.0384062 0.0793692
0 0.774937 0.581086 0.06175 0.166659
0 0.932148 0.540724 0.0642656 0.240467
0 0.04225 0.256951 0.0506562 0.18778
0 0.0842422 0.252126 0.0498594 0.170234
0 0.573336 0.267033 0.0392031 0.0946262
0 0.123078 0.211075 0.0264688 0.0528505
