0 0.970031 0.835282 0.0599375 0.329437
0 0.899695 0.850059 0.0806719 0.299883
0 0.584602 0.844765 0.123109 0.310329
0 0.719219 0.745669 0.0553438 0.232793
0 0.498641 0.707171 0.0219375 0.0870188
0 0.324586 0.734836 0.0358906 0.161784
0 0.293578 0.703803 0.0138125 0.067277
0 0.782312 0.799167 0.121375 0.400962
0 0.983078 0.687347 0.0282187 0.0920188
0 0.486156 0.702042 0.0153125 0.0915023
0 0.358664 0.768239 0.0269844 0.0932394
0 0.871687 0.724049 0.05175 0.171526
2 0.649289 0.668322 0.0150156 0.00730047
2 0.667961 0.667899 0.0148594 0.00805164
0 0.546203 0.703803 0.018875 0.0668545
2 0.0559922 0.669883 0.0211094 0.0148357
