0 0.441539 0.556183 0.448297 0.622482
0 0.865984 0.50103 0.156156 0.532787
0 0.723125 0.360012 0.07 0.130187
0 0.765891 0.341815 0.0645312 0.15829
0 0.396047 0.346721 0.08875 0.143794
0 0.294961 0.359789 0.0696719 0.106698
0 0.246391 0.357564 0.05925 0.111241
0 0.923398 0.367119 0.0465781 0.110351
0 0.0418594 0.492026 0.0837187 0.499742
0 0.779438 0.679555 0.300187 0.35363
0 0.353375 0.395 0.034625 0.0427869
0 0.62882 0.366347 0.0736719 0.101265
0 0.555227 0.388302 0.0457969 0.0528571
