2 0.804445 0.378026 0.223422 0.138995
2 0.662031 0.35257 0.136844 0.0980841
2 0.359547 0.300841 0.0345625 0.0322897
0 0.394219 0.555035 0.163062 0.706939
0 0.282117 0.424533 0.110578 0.434439
0 0.155102 0.461857 0.115922 0.479743
0 0.240547 0.367488 0.0418125 0.253014
0 0.0515625 0.542325 0.103125 0.77778
2 0.341828 0.294579 0.0309375 0.0321963
0 0.51332 0.31736 0.0174531 0.0757477
2 0.567055 0.336787 0.0995469 0.0812383
2 0.960047 0.422558 0.0799062 0.156893
2 0.326281 0.292734 0.0105625 0.028785
0 0.198859 0.285187 0.0123125 0.0424299
2 0.320172 0.280713 0.008625 0.013528
