0 0.244852 0.819354 0.147953 0.361293
0 0.0565156 0.43483 0.113031 0.393243
0 0.0285 0.56127 0.057 0.344444
0 0.591555 0.536429 0.126109 0.596213
0 0.884117 0.433322 0.112078 0.27
0 0.699031 0.0454762 0.0576875 0.0888662
0 0.629336 0.048322 0.0643906 0.0789569
0 0.586711 0.0441043 0.0550781 0.0882086
0 0.522156 0.0627891 0.0269375 0.0347846
0 0.962797 0.497653 0.0744062 0.213719
0 0.878836 0.0848186 0.0441719 0.0502721
0 0.984094 0.08178 0.03125 0.0702268
0 0.115531 0.120363 0.075375 0.189977
