0 0.500242 0.106604 0.0210781 0.0391667
0 0.591547 0.109167 0.02725 0.0757083
0 0.686336 0.0999375 0.0242344 0.0455417
0 0.75793 0.0961042 0.0164531 0.0445833
0 0.804492 0.114552 0.0304531 0.0528125
0 0.85768 0.0668229 0.0278906 0.110146
0 0.262203 0.118802 0.0262188 0.0451875
0 0.169281 0.0550521 0.0230312 0.0768125
0 0.348031 0.618417 0.129781 0.366292
0 0.762977 0.372021 0.0566719 0.0624167
0 0.812234 0.371229 0.038875 0.0620417
0 0.556914 0.166906 0.0319219 0.0596875
0 0.523344 0.103854 0.0241563 0.0424167
