0 0.653844 0.644623 0.295781 0.710755
0 0.247883 0.679776 0.254578 0.617995
0 0.0912266 0.156592 0.0598281 0.0722406
0 0.859086 0.133644 0.124516 0.267288
0 0.928953 0.137005 0.0980625 0.262547
0 0.201906 0.157028 0.118875 0.0866981
0 0.357375 0.0913915 0.0905938 0.181792
0 0.0303359 0.118632 0.0606719 0.112925
0 0.728297 0.221226 0.070625 0.045
0 0.97268 0.169658 0.0546406 0.235967
0 0.72243 0.11684 0.101172 0.231274
0 0.429398 0.348149 0.217547 0.395071
0 0.591688 0.203267 0.06275 0.0371934
