2 0.874586 0.242271 0.115766 0.114127
2 0.801703 0.237078 0.0755625 0.0995845
2 0.301148 0.207992 0.0755781 0.0765928
2 0.951805 0.250845 0.0963906 0.123961
2 0.730547 0.235679 0.077875 0.0847091
2 0.976227 0.168061 0.0464219 0.0525208
0 0.936562 0.176911 0.0298438 0.0451801
0 0.917969 0.157355 0.0113437 0.0547091
0 0.906742 0.166717 0.00998438 0.0426316
0 0.824508 0.15867 0.0149844 0.0555679
0 0.881781 0.158975 0.0115312 0.0554017
0 0.839539 0.162909 0.0140781 0.0554571
0 0.803312 0.159917 0.0179063 0.0626039
0 0.783695 0.157978 0.0150469 0.0576731
0 0.74 0.17223 0.016125 0.043518
0 0.711711 0.181357 0.0236094 0.0398892
0 0.675414 0.164571 0.0143594 0.0509141
0 0.267953 0.129806 0.0122813 0.031856
6 6.0 6.0 6.0 6.0
6 6.0 6.0 6.0 6.0
0 0.771156 0.168698 0.0133437 0.0601662
2 0.110578 0.177507 0.0381563 0.0696953
2 0.67807 0.217299 0.0483906 0.0576454
2 0.167789 0.19241 0.0858281 0.0655402
2 0.292555 0.134751 0.0313594 0.0403047
6 6.0 6.0 6.0 6.0
