1 0.61418 0.921388 0.0690156 0.117459
1 0.5425 0.904071 0.0352813 0.0885647
1 0.921602 0.862635 0.0327344 0.0859765
0 0.751828 0.823435 0.0162813 0.112941
0 0.723437 0.835235 0.0256563 0.121294
0 0.478445 0.848835 0.0247656 0.124588
0 0.365141 0.870494 0.028875 0.146212
0 0.298727 0.867059 0.0212031 0.116659
0 0.209742 0.872024 0.0278594 0.128424
0 0.497234 0.8092 0.00996875 0.0335059
0 0.957039 0.818494 0.0204844 0.0892706
0 0.0312812 0.886035 0.0296875 0.131553
0 0.977945 0.811141 0.0192969 0.0977647
0 0.883844 0.815388 0.0352188 0.115482
1 0.900859 0.857812 0.0207188 0.0940235
0 0.0769453 0.883153 0.0274531 0.132847
0 0.100781 0.877859 0.0285625 0.139482
