0 0.907272 0.511266 0.134209 0.317563
0 0.130819 0.549523 0.104246 0.278297
0 0.433715 0.540906 0.625903 0.698531
0 0.705419 0.544617 0.182235 0.366797
0 0.749451 0.505953 0.066946 0.22375
0 0.811555 0.511281 0.0463128 0.1365
0 0.28067 0.522117 0.117207 0.277453
0 0.0684078 0.5435 0.0822905 0.329969
0 0.75919 0.453234 0.0615084 0.120812
0 0.215996 0.546586 0.0697952 0.160078
0 0.834013 0.478187 0.025419 0.0777812
0 0.60933 0.426227 0.0331099 0.0882969
0 0.358184 0.522234 0.0469088 0.113187
