2 0.740773 0.670423 0.513891 0.6
1 0.135531 0.619542 0.100219 0.108568
0 0.0703047 0.685399 0.140609 0.368545
0 0.12 0.581925 0.0694687 0.187183
0 0.201977 0.616455 0.0645781 0.312066
0 0.0738359 0.563216 0.0468594 0.175587
0 0.104898 0.558627 0.0242969 0.140962
0 0.155773 0.538333 0.0318906 0.1223
0 0.330961 0.539085 0.0203594 0.118028
0 0.448859 0.578709 0.0601563 0.283709
0 0.700164 0.57088 0.0684844 0.0853756
0 0.408727 0.512688 0.0201094 0.0834507
0 0.258727 0.558251 0.0460156 0.174014
0 0.528375 0.504225 0.0253437 0.0777934
0 0.373906 0.585704 0.0577187 0.241549
6 0.224414 0.487336 0.180266 0.185376
