0 0.292148 0.511021 0.100672 0.19375
0 0.253633 0.436135 0.0451406 0.0813542
0 0.223133 0.519708 0.0823281 0.191417
0 0.130516 0.466531 0.0655937 0.0906875
0 0.42557 0.363594 0.0450156 0.101312
0 0.470406 0.368417 0.0220312 0.0417917
0 0.50632 0.387635 0.0307969 0.0518542
0 0.528789 0.373167 0.0493906 0.141292
0 0.681781 0.359646 0.0561562 0.08325
0 0.493836 0.356042 0.0302969 0.0497083
0 0.96907 0.332 0.0407031 0.148833
0 0.3375 0.518125 0.0658438 0.0802083
0 0.617094 0.387208 0.0461875 0.130417
