1 0.717445 0.860729 0.546859 0.256047
0 0.439477 0.541576 0.105953 0.382024
0 0.955422 0.569812 0.0891563 0.452706
0 0.853188 0.481918 0.0834375 0.220165
0 0.200711 0.528094 0.0969844 0.408988
0 0.649141 0.627412 0.208906 0.707859
0 0.15132 0.4994 0.0555469 0.258424
0 0.913867 0.500376 0.0599531 0.259247
0 0.0652578 0.381071 0.0292656 0.0297647
0 0.49025 0.512224 0.0455938 0.252071
0 0.0918672 0.501682 0.0497969 0.212165
0 0.289031 0.507647 0.071125 0.294729
0 0.12193 0.478753 0.0381406 0.227482
