0 0.476703 0.547937 0.0177813 0.0272083
0 0.514773 0.539708 0.0186094 0.0242917
6 0.0497266 0.574885 0.0994531 0.0891458
6 0.361594 0.532271 0.0900312 0.08325
6 0.587164 0.542031 0.0572344 0.0808958
2 0.525258 0.624437 0.168828 0.156875
0 0.231609 0.5495 0.037 0.0348333
2 0.392789 0.598562 0.139828 0.0979583
2 0.308375 0.584927 0.098875 0.0744792
2 0.980672 0.577354 0.0386562 0.08825
2 0.676805 0.608417 0.161828 0.136625
2 0.924969 0.81201 0.150063 0.375979
2 0.893656 0.548646 0.0221875 0.038
2 0.141875 0.621302 0.28375 0.118854
2 0.917492 0.862021 0.165016 0.275958
2 0.9195 0.563156 0.0520938 0.0675208
6 0.804633 0.581479 0.175922 0.170375
6 0.139617 0.548167 0.124734 0.0721667
0 0.624875 0.538865 0.012375 0.0177708
