0 0.453836 0.666836 0.0297818 0.0512055
0 0.647591 0.583178 0.0227091 0.0707945
0 0.526664 0.900082 0.0291455 0.0490959
0 0.790009 0.882877 0.0186364 0.0526575
0 0.825736 0.869918 0.0157273 0.0539178
0 0.411045 0.556014 0.0246727 0.0646849
0 0.334918 0.34111 0.0306 0.060137
0 0.320409 0.309863 0.0342364 0.0710685
0 0.306509 0.233466 0.0192 0.0455616
0 0.269209 0.945342 0.0263818 0.062411
0 0.204918 0.819055 0.0164182 0.0651781
0 0.236936 0.821493 0.0302727 0.0345479
0 0.392736 0.53563 0.0308909 0.0839178
