0 0.863433 0.90218 0.143996 0.0929844
1 0.78106 0.863367 0.0477263 0.0225156
1 0.933102 0.87207 0.0730905 0.0407344
0 0.920453 0.839008 0.0292936 0.0669531
0 0.96436 0.837828 0.0150773 0.0334375
0 0.606093 0.874039 0.0526269 0.0497656
0 0.481667 0.866469 0.0746799 0.118562
0 0.188135 0.900906 0.0877042 0.0820937
0 0.213962 0.845797 0.024702 0.0289687
0 0.0704967 0.867789 0.113311 0.104672
2 0.28372 0.856953 0.110221 0.0287187
2 0.339459 0.854758 0.0231567 0.0137969
0 0.775552 0.847891 0.0364018 0.078875
0 0.272914 0.941062 0.131656 0.117875
0 0.0106512 0.859633 0.0160486 0.0361406
0 0.983201 0.839023 0.0193377 0.0388594
1 0.107042 0.872133 0.0534658 0.0291094
