0 0.50082 0.12315 0.0500781 0.118525
0 0.443453 0.123267 0.0510625 0.128642
0 0.110773 0.301089 0.0576094 0.0768384
0 0.165172 0.0856323 0.0482812 0.0802108
0 0.798375 0.624719 0.199406 0.373044
0 0.161539 0.1476 0.0507344 0.106393
0 0.108805 0.140539 0.0628594 0.127775
0 0.0517422 0.155187 0.0630156 0.104145
0 0.766359 0.0551756 0.0510938 0.108103
0 0.195367 0.304906 0.0698906 0.0767916
0 0.292023 0.237658 0.0822656 0.182201
0 0.924891 0.0839813 0.0880937 0.167963
0 0.0605078 0.0888993 0.0627344 0.107073
