1 0.359766 0.784015 0.0565937 0.247332
2 0.377578 0.484202 0.0522813 0.0466085
2 0.724609 0.589302 0.134688 0.151222
2 0.508156 0.481334 0.0456875 0.0677556
2 0.54875 0.498965 0.0482812 0.0643142
4 0.640062 0.439988 0.13825 0.274938
0 0.34425 0.645686 0.0999687 0.433716
0 0.921227 0.578554 0.0307969 0.133865
0 0.932102 0.522182 0.0355156 0.0646633
1 0.278992 0.495549 0.0186719 0.0489526
0 0.920438 0.493953 0.01525 0.0254613
0 0.494531 0.488379 0.014875 0.0813466
0 0.904539 0.561309 0.0182656 0.167955
1 0.12182 0.529377 0.0434844 0.0555112
2 0.0378437 0.69485 0.0756875 0.333342
2 0.465875 0.42788 0.0118125 0.025586
2 0.307805 0.517045 0.0307656 0.0862594
0 0.615758 0.358753 0.0141719 0.0207481
0 0.396086 0.419289 0.00948437 0.0294514
2 0.433305 0.595923 0.141047 0.20182
0 0.369664 0.419651 0.00814063 0.0331172
0 0.362742 0.417756 0.00585938 0.0307232
0 0.955305 0.562344 0.0305469 0.165486
