0 0.223625 0.524718 0.276719 0.806761
0 0.397883 0.361796 0.0807656 0.287629
0 0.827211 0.304648 0.0112031 0.0357746
0 0.685438 0.328862 0.0220938 0.0875822
0 0.775539 0.379683 0.0834219 0.215188
0 0.472977 0.349308 0.0687656 0.299413
0 0.974797 0.432829 0.0504062 0.253357
0 0.635023 0.3473 0.0462656 0.221972
0 0.910031 0.366491 0.0471562 0.184343
0 0.666469 0.330059 0.0236875 0.0917606
0 0.574156 0.323462 0.0114375 0.045892
0 0.507156 0.310763 0.0118438 0.0543427
0 0.554656 0.292582 0.0064375 0.0137089
