0 0.62518 0.844625 0.0815469 0.218665
0 0.698125 0.606288 0.0779062 0.197119
0 0.215984 0.244087 0.037125 0.139461
0 0.169234 0.268454 0.0387188 0.144356
0 0.658273 0.264871 0.0321719 0.156721
0 0.0880313 0.2874 0.040125 0.137845
0 0.365008 0.300925 0.0375469 0.098103
0 0.394273 0.378361 0.0479844 0.178735
0 0.34843 0.27507 0.0313594 0.154684
0 0.488164 0.46726 0.0392031 0.0778454
0 0.546891 0.638607 0.0635625 0.186487
0 0.758531 0.571487 0.0570312 0.212201
0 0.765867 0.497201 0.0455781 0.163724
