0 0.809979 0.784109 0.0382083 0.0825937
0 0.772125 0.8035 0.0498333 0.105062
0 0.854635 0.790422 0.0361875 0.0724063
0 0.900802 0.797391 0.0463125 0.0859375
0 0.188281 0.754156 0.0199375 0.031625
0 0.98976 0.778586 0.0203125 0.0675469
0 0.961583 0.776938 0.0224583 0.0720937
0 0.305094 0.753109 0.0141042 0.03325
0 0.53674 0.749758 0.0161042 0.0312031
0 0.985167 0.749078 0.00983333 0.0120313
0 0.417281 0.754156 0.0159375 0.032625
0 0.240281 0.756508 0.0173542 0.0204219
0 0.577073 0.760602 0.0196042 0.0397656
