0 0.546205 0.75418 0.134438 0.177234
0 0.47279 0.70407 0.0989855 0.160453
0 0.427899 0.433836 0.0503623 0.0708906
0 0.738922 0.481391 0.158315 0.0934062
0 0.702174 0.438508 0.086087 0.103359
0 0.654275 0.28732 0.0288768 0.0293594
0 0.634964 0.165117 0.0461594 0.0411406
0 0.334774 0.421391 0.0934964 0.155906
0 0.317717 0.590609 0.0723551 0.106094
0 0.590453 0.722281 0.135109 0.171281
0 0.74125 0.259234 0.0396739 0.0499375
0 0.459964 0.417109 0.0583333 0.0709063
0 0.118641 0.480156 0.0994565 0.120094
