1 0.71393 0.887242 0.169078 0.153592
2 0.0923281 0.456455 0.144562 0.159155
3 0.601437 0.904742 0.240937 0.190516
3 0.172492 0.934718 0.241547 0.130563
6 0.486133 0.501115 0.837641 0.476408
1 0.639648 0.245516 0.0271094 0.0447418
1 0.583227 0.252289 0.0211406 0.0412441
1 0.682508 0.250035 0.0344844 0.0421362
6 0.257469 0.254448 0.146469 0.122606
1 0.869719 0.240223 0.02025 0.0365023
1 0.571508 0.251444 0.0219219 0.0447183
1 0.73182 0.239906 0.0357656 0.0426761
1 0.454836 0.255962 0.0292344 0.0531455
