3 0.590562 0.589897 0.127125 0.141575
0 0.429211 0.476935 0.0244844 0.0570205
3 0.195461 0.578493 0.195734 0.238425
3 0.731008 0.569538 0.0506094 0.134418
3 0.0382188 0.584435 0.0640625 0.124623
3 0.415164 0.569709 0.147266 0.202774
3 0.824156 0.549503 0.06075 0.127295
3 0.324016 0.541336 0.0646562 0.133356
3 0.301266 0.562894 0.0459375 0.126199
3 0.521969 0.553836 0.0410937 0.107534
3 0.664125 0.561952 0.0755938 0.102671
3 0.568719 0.52262 0.049625 0.0604452
3 0.769258 0.521866 0.0437969 0.100993
3 0.694063 0.531267 0.030625 0.0867123
