2 0.385664 0.724146 0.0852344 0.0625833
0 0.948328 0.784552 0.0178125 0.0446875
6 0.755906 0.675677 0.153719 0.0923542
6 0.688523 0.673729 0.140078 0.10375
6 0.0274609 0.915802 0.0549219 0.0839792
6 0.877094 0.912073 0.107625 0.0946042
6 0.287938 0.737479 0.0769688 0.0774167
6 0.466727 0.671448 0.0472656 0.0294792
6 0.815609 0.619 0.108 0.0515
6 0.550258 0.797948 0.0814844 0.105563
6 0.466586 0.712562 0.0886094 0.0620833
6 0.393484 0.673927 0.0457813 0.0282292
6 0.107375 0.610844 0.0395937 0.0453958
6 0.363812 0.667896 0.0314063 0.0340833
