2 0.983187 0.458859 0.033625 0.315694
3 0.343969 0.568541 0.258156 0.6472
3 0.474234 0.377024 0.0979688 0.233341
3 0.840266 0.263365 0.0674063 0.225553
3 0.53168 0.293753 0.158391 0.293435
3 0.743625 0.285976 0.0775625 0.247671
3 0.268687 0.608 0.314063 0.627153
3 0.362789 0.426376 0.249078 0.461082
3 0.490922 0.301082 0.189406 0.310824
3 0.579 0.242694 0.0537188 0.0899059
0 0.912133 0.110188 0.0409844 0.0471529
3 0.189141 0.650506 0.378281 0.698988
3 0.792055 0.293129 0.0691406 0.206212
3 0.763391 0.184435 0.0199375 0.0300471
3 0.275266 0.658471 0.264937 0.650259
