1 0.451523 0.562977 0.155516 0.229355
1 0.633203 0.717566 0.353844 0.395718
2 0.752266 0.302478 0.314 0.170117
0 0.102422 0.370674 0.0402813 0.207918
3 0.886289 0.656994 0.133797 0.2161
3 0.725992 0.554619 0.159734 0.203314
3 0.821195 0.514765 0.106547 0.222141
3 0.454391 0.559648 0.180625 0.239765
3 0.318109 0.403856 0.1265 0.205601
3 0.142437 0.468284 0.0385 0.0995601
3 0.632953 0.761891 0.350375 0.322669
3 0.110508 0.406129 0.0505469 0.119531
3 0.229023 0.504003 0.117672 0.175161
3 0.0496719 0.442478 0.0628125 0.131466
3 0.507203 0.455088 0.0740937 0.14132
