4 0.58632 0.32125 0.364328 0.107958
4 0.156742 0.392135 0.313484 0.321354
1 0.329227 0.659365 0.164734 0.278313
1 0.105656 0.557458 0.118469 0.2025
1 0.461797 0.826969 0.121344 0.319104
1 0.221641 0.52051 0.0785 0.151604
1 0.630641 0.609687 0.05675 0.184958
0 0.300453 0.420438 0.0452813 0.200458
1 0.595281 0.479771 0.0295938 0.130458
1 0.0158828 0.922354 0.0317656 0.13175
1 0.707711 0.469104 0.0176719 0.114708
1 0.03 0.655302 0.0564687 0.152938
1 0.272266 0.527594 0.0337812 0.134187
1 0.727938 0.545875 0.044125 0.0705833
1 0.549227 0.538146 0.0296719 0.119167
1 0.708234 0.872771 0.0875937 0.254458
