2 0.428648 0.528823 0.140047 0.230813
3 0.217414 0.665177 0.208984 0.382021
3 0.496852 0.585115 0.128797 0.244729
3 0.620234 0.570448 0.112375 0.216688
3 0.685891 0.561302 0.0780937 0.211562
3 0.779039 0.580042 0.115203 0.24325
3 0.830578 0.564562 0.0683438 0.216708
3 0.868008 0.552375 0.0676719 0.204042
3 0.910492 0.546167 0.0632344 0.183083
3 0.973766 0.506333 0.050625 0.146708
3 0.717078 0.554844 0.0391562 0.198729
3 0.934984 0.526656 0.0499062 0.168063
3 0.743203 0.481771 0.0404062 0.0522917
6 0.219734 0.543552 0.260688 0.275688
