1 0.27172 0.892904 0.10184 0.164192
1 0.54351 0.611677 0.03418 0.17988
4 0.32295 0.715988 0.61546 0.42024
6 0.74774 0.758308 0.089 0.0754192
0 0.77187 0.881228 0.09506 0.118563
1 0.41748 0.536826 0.039 0.0297006
1 0.75422 0.86247 0.08256 0.0900898
1 0.74507 0.840524 0.03586 0.0434431
1 0.7987 0.793144 0.03708 0.048503
1 0.39503 0.52765 0.04914 0.0416467
1 0.32109 0.511781 0.0547 0.0542814
1 0.30593 0.503488 0.04534 0.0603892
1 0.24633 0.495539 0.03014 0.0376647
1 0.22055 0.481302 0.00886 0.0154192
1 0.36271 0.518892 0.04414 0.048503
