2 0.725547 0.405093 0.0545312 0.0692541
3 0.672477 0.438578 0.0521719 0.119254
3 0.33768 0.56127 0.0949844 0.250373
3 0.546328 0.518275 0.106875 0.23352
3 0.715125 0.42951 0.046875 0.082704
3 0.210945 0.655478 0.261391 0.48634
3 0.805766 0.414883 0.0297812 0.0763403
3 0.867266 0.407937 0.0260312 0.0509324
3 0.911117 0.409662 0.0202344 0.0405828
3 0.435727 0.527238 0.0851719 0.215035
3 0.836773 0.414848 0.0197969 0.0522611
3 0.493156 0.476503 0.0395 0.131282
3 0.940492 0.402506 0.0211406 0.0326107
