1 0.404891 0.790146 0.156281 0.264375
1 0.0708438 0.784583 0.1195 0.162833
1 0.278828 0.799031 0.0856563 0.179229
1 0.786133 0.679177 0.0568281 0.119063
1 0.666477 0.688115 0.0994531 0.127271
1 0.178805 0.667615 0.0307031 0.0778125
1 0.143477 0.671292 0.0529219 0.0720833
1 0.462789 0.671854 0.0535469 0.115375
1 0.935625 0.680104 0.0336562 0.112917
1 0.982969 0.651979 0.0340625 0.103333
0 0.862133 0.605198 0.0334844 0.0903542
1 0.567328 0.743365 0.249469 0.214688
1 0.355852 0.543958 0.0211719 0.0391667
1 0.813547 0.676781 0.0372813 0.0998958
