1 0.430672 0.767342 0.0352813 0.116136
2 0.864352 0.677061 0.0554844 0.0590867
3 0.815773 0.860187 0.0934531 0.207775
3 0.853453 0.730714 0.0413437 0.0561827
3 0.925492 0.806956 0.0657344 0.144496
0 0.2925 0.749883 0.0367813 0.117096
1 0.363742 0.781464 0.0539531 0.110609
1 0.33757 0.782365 0.0108906 0.0931616
3 0.793805 0.713981 0.0179219 0.0286183
3 0.579445 0.742014 0.0664844 0.0477283
6 0.914859 0.667377 0.050625 0.0652459
6 0.196984 0.726405 0.200031 0.197869
6 0.0571875 0.709098 0.110906 0.207799
