3 0.979602 0.632583 0.0407969 0.192667
3 0.881383 0.600028 0.0550469 0.141889
3 0.856984 0.582667 0.0707187 0.130222
3 0.958484 0.611986 0.065375 0.165472
4 0.588414 0.482764 0.0695156 0.107861
4 0.250766 0.500667 0.200156 0.247611
4 0.439891 0.507306 0.151688 0.173056
4 0.817203 0.483333 0.0943125 0.1275
0 0.734531 0.487833 0.0075 0.0309444
4 0.535453 0.494972 0.0421875 0.120222
2 0.758094 0.631708 0.138531 0.176028
3 0.936109 0.631458 0.04125 0.135917
3 0.915 0.634403 0.0339375 0.114139
3 0.894102 0.633861 0.0398594 0.111944
3 0.991828 0.704875 0.0163438 0.0726944
3 0.743898 0.505833 0.0131719 0.0354444
