3 0.161562 0.898244 0.164563 0.177143
1 0.313258 0.78404 0.217297 0.273138
1 0.974875 0.677857 0.05025 0.140726
1 0.311055 0.656686 0.173422 0.11089
1 0.397633 0.666405 0.0954844 0.0677049
0 0.949953 0.549543 0.0348125 0.118993
1 0.176656 0.794578 0.290875 0.278337
1 0.424789 0.819098 0.0932031 0.201335
1 0.978828 0.697108 0.0423437 0.121944
1 0.92675 0.658607 0.106469 0.167377
1 0.641789 0.572201 0.0573906 0.0717096
1 0.802953 0.584415 0.0582187 0.066534
1 0.363016 0.559965 0.0375313 0.0227869
1 0.32875 0.580597 0.063875 0.0590867
1 0.818984 0.605386 0.0731563 0.0917564
