2 0.504164 0.614865 0.0520469 0.0425625
3 0.825617 0.802615 0.174266 0.242438
3 0.63718 0.756833 0.0943594 0.147667
3 0.373766 0.685094 0.0395313 0.0506875
3 0.299703 0.654865 0.045125 0.0776458
3 0.324078 0.652531 0.02175 0.0526458
3 0.34325 0.628083 0.0139063 0.0412917
3 0.49057 0.732115 0.0469531 0.0838958
3 0.424563 0.692771 0.0454375 0.0754583
0 0.661813 0.600667 0.0238125 0.0540417
3 0.693195 0.681312 0.0655156 0.0982917
3 0.577289 0.684052 0.0565156 0.0835208
3 0.258313 0.633552 0.0181562 0.0363125
3 0.531141 0.671385 0.0355 0.0693125
