0 0.943406 0.436156 0.0292187 0.167632
3 0.353437 0.463928 0.107031 0.164457
3 0.870008 0.430641 0.0423281 0.100613
3 0.830469 0.432786 0.0582187 0.104513
3 0.790945 0.432479 0.0377344 0.112145
3 0.750813 0.435251 0.055625 0.112396
3 0.41082 0.459429 0.0647344 0.152451
3 0.62282 0.473802 0.0292969 0.0489972
3 0.582172 0.453454 0.0502812 0.105292
3 0.537305 0.4439 0.0421719 0.124791
3 0.0773359 0.492883 0.154672 0.217354
3 0.437141 0.458788 0.0547813 0.145766
3 0.28232 0.472981 0.0406406 0.173928
3 0.461008 0.457702 0.0502031 0.126045
