1 0.955242 0.778382 0.0895156 0.248544
1 0.832555 0.80233 0.130891 0.158058
1 0.612617 0.737184 0.0648281 0.124142
1 0.481914 0.725259 0.0356719 0.100097
1 0.384289 0.721084 0.0222656 0.0637217
1 0.317961 0.702476 0.0332656 0.0878641
1 0.55082 0.740858 0.0654219 0.126893
0 0.425859 0.674757 0.0263437 0.130939
2 0.108977 0.642023 0.0293906 0.0666343
1 0.713578 0.76089 0.0874375 0.172006
1 0.400547 0.714919 0.010875 0.0563107
1 0.427937 0.722217 0.0360313 0.0951133
1 0.366719 0.703317 0.0119063 0.0567314
1 0.349383 0.696197 0.0244219 0.0812621
1 0.289992 0.687087 0.0307656 0.0919094
