4 0.318461 0.513232 0.137672 0.331054
4 0.689742 0.651511 0.200953 0.443817
4 0.488023 0.625468 0.172422 0.393279
0 0.0929375 0.636756 0.0351562 0.152014
6 0.535758 0.237377 0.0845469 0.159859
6 0.774008 0.887951 0.200703 0.224098
6 0.929164 0.455562 0.134141 0.302646
1 0.857805 0.6237 0.0303281 0.0419204
4 0.643891 0.27274 0.0875 0.14445
4 0.453375 0.32082 0.101188 0.210351
4 0.445945 0.201499 0.0667656 0.123138
6 0.205867 0.871628 0.306547 0.229719
2 0.375563 0.275059 0.048125 0.0598595
4 0.692164 0.473958 0.339953 0.219297
