6 0.352391 0.484548 0.412594 0.62863
6 0.6615 0.589703 0.408531 0.78969
6 0.134523 0.440452 0.266328 0.440439
6 0.551055 0.208023 0.142547 0.12814
6 0.34143 0.199057 0.101609 0.0894315
6 0.934117 0.341072 0.131766 0.406434
6 0.429055 0.189806 0.121578 0.0889664
6 0.579031 0.0986951 0.0189375 0.0108269
6 0.614539 0.178256 0.0724219 0.134755
6 0.704547 0.109535 0.0753125 0.0287855
6 0.524453 0.136486 0.0585312 0.0283204
6 0.56818 0.111395 0.0412656 0.0133333
6 0.699617 0.174496 0.108484 0.0725065
