3 0.14304 0.773045 0.268 0.449433
3 0.48189 0.584269 0.10642 0.22597
3 0.39611 0.89303 0.07394 0.184687
3 0.9247 0.838896 0.14568 0.322209
3 0.72044 0.702791 0.2084 0.111851
3 0.90123 0.626612 0.11038 0.16009
3 0.8214 0.633433 0.14044 0.115522
3 0.26771 0.483134 0.06478 0.172716
0 0.13715 0.681179 0.25854 0.614119
2 0.08502 0.328075 0.03124 0.0409254
3 0.40548 0.696552 0.15424 0.256985
3 0.88029 0.788731 0.05554 0.0837313
4 0.02321 0.315134 0.04642 0.152716
3 0.78384 0.480373 0.03428 0.0348358
3 0.51626 0.417627 0.03148 0.0701194
3 0.34903 0.511149 0.03074 0.0285672
