0 0.619742 0.488829 0.0274219 0.0780911
3 0.215273 0.650727 0.180047 0.299848
3 0.797523 0.731714 0.404953 0.536573
3 0.677555 0.605401 0.193891 0.273319
3 0.651445 0.567733 0.163672 0.237028
3 0.109633 0.448666 0.0303281 0.0818872
3 0.131148 0.4532 0.0412031 0.0676139
3 0.54032 0.483829 0.0189531 0.0403688
3 0.591477 0.518818 0.0314844 0.0743818
3 0.0725156 0.456345 0.0589688 0.0762473
3 0.0295625 0.467061 0.0372188 0.0509978
3 0.586992 0.573384 0.0382656 0.0521041
3 0.492969 0.482234 0.0129688 0.0312798
