2 0.483099 0.699172 0.102441 0.0549063
4 0.735974 0.785203 0.136737 0.0875
4 0.39838 0.787641 0.337606 0.119094
4 0.250915 0.874937 0.164507 0.0705
6 0.74135 0.573313 0.0675352 0.0581562
6 0.737664 0.783148 0.138427 0.0831406
6 0.745845 0.593688 0.049061 0.0329375
6 0.809812 0.591898 0.0678404 0.0506719
6 0.139378 0.57675 0.0300704 0.015375
4 0.586725 0.93493 0.253545 0.126922
4 0.144894 0.791102 0.184249 0.0665781
4 0.899484 0.77725 0.201033 0.082875
0 0.619354 0.963766 0.101291 0.0724687
6 0.551209 0.555367 0.0480047 0.0246094
6 0.840822 0.638906 0.0659624 0.03325
6 0.0388615 0.876156 0.077723 0.0390937
6 0.428556 0.899977 0.300493 0.114859
