2 0.464516 0.485047 0.0203438 0.0191549
0 0.709766 0.48527 0.0125938 0.0391315
3 0.887055 0.622066 0.225891 0.232817
3 0.516156 0.580141 0.0715313 0.110516
3 0.679945 0.546127 0.0659531 0.134131
3 0.784023 0.605775 0.0735781 0.142441
3 0.0121641 0.524648 0.0243281 0.0621127
3 0.0303594 0.511913 0.0416562 0.0774883
3 0.0660781 0.511573 0.0578125 0.0660094
3 0.0954453 0.51284 0.0263281 0.0511737
3 0.637 0.522923 0.0475313 0.0930282
3 0.6305 0.512829 0.0407187 0.080493
3 0.184086 0.504155 0.0525469 0.0587793
3 0.655359 0.5377 0.045125 0.102864
3 0.815891 0.568756 0.174594 0.167042
