3 0.168922 0.555552 0.212 0.267854
3 0.290258 0.527865 0.0983594 0.210396
3 0.345461 0.496531 0.110141 0.170812
3 0.813203 0.578646 0.271344 0.361792
3 0.647859 0.502052 0.146 0.159438
3 0.0825859 0.678646 0.158422 0.3955
3 0.570258 0.424104 0.0657031 0.062875
3 0.387992 0.466948 0.0648906 0.131396
3 0.412023 0.45076 0.0470469 0.0976875
3 0.44668 0.427552 0.0425781 0.0625625
0 0.272172 0.390708 0.00596875 0.0235417
3 0.614227 0.453375 0.124203 0.123292
3 0.4275 0.440875 0.0471875 0.0670833
3 0.456672 0.41974 0.0270312 0.0444792
