2 0.207727 0.703361 0.139828 0.0630679
3 0.49082 0.826417 0.0480469 0.162904
3 0.702508 0.894543 0.0756719 0.190632
0 0.642 0.851663 0.0144375 0.0509133
3 0.76568 0.870867 0.102141 0.188244
3 0.462961 0.857119 0.0529219 0.132693
3 0.781508 0.906803 0.0611719 0.138665
3 0.266047 0.766944 0.0243125 0.0919204
3 0.802273 0.930527 0.0676094 0.103817
3 0.17318 0.771241 0.0449531 0.100703
3 0.688781 0.781604 0.0569063 0.0547307
3 0.953195 0.870129 0.0739531 0.16466
3 0.814469 0.812927 0.0560937 0.0567213
3 0.665562 0.770316 0.0274375 0.0419438
6 0.319602 0.737002 0.0801719 0.140328
