0 0.211391 0.411594 0.040375 0.172854
3 0.204391 0.668917 0.273656 0.299542
3 0.386656 0.794021 0.248469 0.38375
3 0.429344 0.677667 0.269563 0.189875
3 0.389031 0.533354 0.0912813 0.117958
3 0.925844 0.486385 0.148313 0.197146
3 0.975312 0.531 0.049375 0.157
3 0.747234 0.45525 0.135719 0.16025
3 0.140023 0.573125 0.151016 0.276208
3 0.621953 0.414438 0.141781 0.169875
3 0.584789 0.814958 0.330547 0.350667
3 0.74907 0.855552 0.501859 0.288896
3 0.589234 0.360802 0.0511563 0.0654375
3 0.866133 0.456135 0.154078 0.223312
