2 0.713203 0.10868 0.245094 0.129743
0 0.932164 0.297558 0.135672 0.379556
3 0.495617 0.561636 0.533328 0.51528
3 0.927359 0.653294 0.145281 0.381402
3 0.828047 0.47528 0.180344 0.294393
3 0.171234 0.389965 0.127188 0.186799
3 0.879172 0.307547 0.23 0.105327
3 0.834648 0.220432 0.0645156 0.125584
3 0.718539 0.290129 0.239297 0.184696
3 0.0984922 0.638621 0.196984 0.413364
3 0.633297 0.356402 0.144594 0.258645
3 0.0948438 0.253201 0.0657188 0.0951402
3 0.104781 0.462815 0.178969 0.344883
3 0.978414 0.42111 0.0431719 0.139276
