3 0.654367 0.654583 0.187922 0.190167
3 0.506375 0.570438 0.145344 0.185375
3 0.418031 0.512073 0.0568125 0.106521
3 0.592664 0.500458 0.0841406 0.0854167
3 0.643148 0.53325 0.0738906 0.101333
2 0.578586 0.431896 0.0532344 0.0464583
6 0.87132 0.396052 0.257359 0.178604
0 0.578906 0.464052 0.0431875 0.0737292
3 0.978508 0.564646 0.0429844 0.102958
3 0.850352 0.469104 0.0414219 0.0605833
3 0.637867 0.52549 0.0903281 0.0838125
3 0.476039 0.537437 0.0656719 0.069125
5 0.167898 0.121885 0.166516 0.132979
