3 0.837812 0.657313 0.103688 0.276402
3 0.624477 0.796308 0.177922 0.351636
3 0.0832344 0.640245 0.0371563 0.118201
3 0.757594 0.606822 0.0725937 0.160561
3 0.560055 0.565117 0.0536719 0.107009
3 0.970109 0.601484 0.0597812 0.146051
3 0.30218 0.846916 0.254297 0.286402
3 0.917742 0.639977 0.0566094 0.193925
3 0.142539 0.734112 0.173047 0.392617
3 0.505805 0.639486 0.132016 0.260467
3 0.265586 0.616379 0.0843594 0.168178
3 0.0378203 0.655491 0.0756406 0.215421
0 0.943266 0.487033 0.02725 0.0538785
3 0.66018 0.54375 0.102547 0.124042
