0 0.590789 0.235031 0.00589063 0.0244792
1 0.273031 0.728646 0.09775 0.435958
1 0.266594 0.337677 0.04275 0.0605625
1 0.401164 0.301812 0.0248594 0.0238333
1 0.465062 0.376781 0.032375 0.103271
1 0.511227 0.459302 0.0293906 0.142521
1 0.744734 0.506969 0.146906 0.255312
1 0.625016 0.598365 0.162688 0.463854
1 0.540336 0.620677 0.0804531 0.431729
1 0.370633 0.727771 0.135109 0.461
1 0.0561016 0.743156 0.109359 0.443729
1 0.145141 0.742146 0.132 0.366667
1 0.475828 0.705562 0.0863437 0.460458
1 0.827773 0.664208 0.163453 0.31325
