2 0.24574 0.784086 0.0413542 0.0369531
3 0.906229 0.796047 0.050875 0.0620938
4 0.139813 0.767648 0.145417 0.106141
0 0.764938 0.787109 0.0485833 0.0652812
1 0.609958 0.837344 0.118083 0.0485312
1 0.744417 0.871789 0.178125 0.0587344
4 0.868729 0.72682 0.164333 0.0933906
1 0.460219 0.852398 0.0249792 0.0410156
1 0.441354 0.847438 0.0492083 0.053125
1 0.425292 0.821148 0.065875 0.0408906
1 0.349135 0.819203 0.0621458 0.049125
1 0.189104 0.86807 0.0503333 0.0711406
1 0.394531 0.819453 0.0547708 0.04775
1 0.441125 0.830195 0.0309167 0.0209531
6 0.320271 0.761234 0.111167 0.0446562
