2 0.278609 0.665615 0.0201563 0.0195625
4 0.550539 0.648208 0.148047 0.177583
3 0.389719 0.725104 0.0365625 0.0745417
3 0.298031 0.722354 0.04075 0.086
3 0.230719 0.7275 0.0335937 0.0793333
3 0.128859 0.732406 0.038 0.0778958
3 0.0516563 0.738469 0.0410937 0.0753542
4 0.463477 0.645125 0.0586719 0.131958
4 0.421828 0.647281 0.0285 0.0859375
3 0.158648 0.724552 0.0392344 0.0796875
3 0.0218125 0.72075 0.0353125 0.07975
0 0.401484 0.663896 0.00825 0.0165
3 0.200117 0.700615 0.0167969 0.0470625
4 0.401258 0.659979 0.0279531 0.048875
