3 0.578375 0.626909 0.076125 0.190164
3 0.171273 0.677026 0.275547 0.297518
3 0.646094 0.604286 0.0577187 0.123747
3 0.686086 0.59096 0.0362031 0.0873068
3 0.723273 0.560867 0.0380156 0.0803279
6 0.961891 0.537763 0.0762188 0.0890632
6 0.544094 0.530644 0.169031 0.0635831
6 0.944453 0.524637 0.111094 0.0845433
2 0.876047 0.531429 0.026875 0.0284309
3 0.398297 0.538841 0.0324688 0.0421311
3 0.266758 0.534204 0.0316094 0.0780094
3 0.334344 0.537307 0.0144687 0.0436534
3 0.36493 0.540703 0.00967187 0.0435129
3 0.318984 0.538384 0.0145937 0.04726
