3 0.112578 0.664778 0.225031 0.211285
3 0.46325 0.59153 0.0971875 0.122453
3 0.625586 0.679638 0.0846406 0.200444
3 0.379703 0.641063 0.0959375 0.204322
3 0.689484 0.596414 0.05675 0.113621
0 0.809594 0.542255 0.027 0.124229
2 0.596641 0.513832 0.109875 0.105421
3 0.475625 0.520911 0.0665937 0.0602336
3 0.95457 0.596472 0.0902344 0.116963
3 0.776781 0.525549 0.0409062 0.0831542
3 0.904703 0.548341 0.0504375 0.0318224
3 0.481773 0.489977 0.0286719 0.0310748
3 0.0111406 0.554871 0.0222812 0.0675935
