3 0.24832 0.586635 0.312078 0.302021
3 0.757734 0.527302 0.209656 0.155937
3 0.547047 0.529406 0.121344 0.205229
3 0.640469 0.472302 0.136688 0.0926042
3 0.165977 0.518583 0.148109 0.0884167
3 0.385406 0.545854 0.312063 0.22475
3 0.542938 0.480542 0.146687 0.15625
3 0.946867 0.469156 0.100641 0.104104
2 0.100305 0.43899 0.116422 0.0606042
3 0.0825625 0.637979 0.165125 0.352375
3 0.738102 0.501167 0.0557656 0.039625
3 0.839703 0.508813 0.0565 0.104167
0 0.273688 0.431427 0.0197813 0.0677708
3 0.887117 0.47901 0.0670156 0.0952292
